# Row, Column
100 217
100 222
101 217
101 222
102 217
102 222
103 217
103 222
104 217
104 222
105 217
105 222
106 217
106 222
107 217
107 222
108 217
108 222
109 217
109 222
110 217
110 222
111 218
111 222
112 218
112 222
113 218
113 222
114 218
114 222
115 218
115 222
116 129
116 130
116 133
116 134
116 135
116 136
116 137
116 138
116 139
116 140
116 141
116 142
116 143
116 144
116 147
116 148
116 151
116 152
116 153
116 154
116 155
116 156
116 157
116 158
116 159
116 160
116 161
116 162
116 165
116 166
116 169
116 170
116 171
116 172
116 173
116 174
116 175
116 176
116 177
116 178
116 179
116 180
116 183
116 184
116 187
116 188
116 189
116 190
116 191
116 192
116 193
116 194
116 195
116 196
116 197
116 198
116 199
116 202
116 203
116 206
116 207
116 208
116 209
116 210
116 211
116 212
116 213
116 219
116 220
116 221
116 222
116 224
116 225
116 226
116 227
116 228
116 229
116 230
116 231
116 232
116 233
116 234
116 235
116 238
116 239
117 127
117 128
117 131
117 132
117 145
117 146
117 149
117 150
117 163
117 164
117 167
117 168
117 181
117 182
117 185
117 186
117 200
117 201
117 204
117 205
117 214
117 215
117 216
117 217
117 218
117 219
117 222
117 223
117 236
117 237
118 127
118 131
118 145
118 149
118 163
118 167
118 181
118 185
118 200
118 204
118 218
118 222
118 236
119 126
119 131
119 145
119 149
119 163
119 167
119 181
119 185
119 200
119 204
119 218
119 222
119 236
120 126
120 131
120 145
120 149
120 163
120 167
120 181
120 185
120 200
120 204
120 218
120 222
120 236
121 127
121 128
121 129
121 130
121 131
121 132
121 133
121 134
121 135
121 136
121 137
121 138
121 139
121 140
121 141
121 142
121 143
121 144
121 145
121 146
121 147
121 148
121 149
121 150
121 151
121 152
121 153
121 154
121 155
121 156
121 157
121 158
121 159
121 160
121 161
121 162
121 163
121 164
121 165
121 166
121 167
121 168
121 169
121 170
121 171
121 172
121 173
121 174
121 175
121 176
121 177
121 178
121 179
121 180
121 181
121 182
121 183
121 184
121 185
121 186
121 187
121 188
121 189
121 190
121 191
121 192
121 193
121 194
121 195
121 196
121 197
121 198
121 199
121 200
121 201
121 202
121 203
121 204
121 205
121 206
121 207
121 208
121 209
121 210
121 211
121 212
121 213
121 214
121 215
121 216
121 217
121 218
121 219
121 220
121 221
121 222
121 223
121 224
121 225
121 226
121 227
121 228
121 229
121 230
121 231
121 232
121 233
121 234
121 235
121 236
121 237
121 238
121 239
122 127
122 131
122 146
122 149
122 164
122 167
122 182
122 185
122 201
122 204
122 219
122 222
122 237
123 126
123 131
123 145
123 149
123 163
123 167
123 181
123 185
123 200
123 204
123 218
123 222
123 236
124 126
124 131
124 145
124 149
124 163
124 167
124 181
124 185
124 200
124 204
124 218
124 222
124 236
125 126
125 131
125 145
125 149
125 163
125 167
125 181
125 185
125 200
125 204
125 218
125 222
125 236
126 126
126 131
126 145
126 149
126 163
126 167
126 181
126 185
126 200
126 204
126 218
126 222
126 236
127 126
127 131
127 145
127 149
127 163
127 167
127 181
127 185
127 200
127 204
127 218
127 222
127 236
128 126
128 131
128 145
128 149
128 163
128 167
128 181
128 185
128 200
128 204
128 218
128 222
128 236
129 126
129 131
129 145
129 149
129 163
129 167
129 181
129 185
129 200
129 204
129 218
129 222
129 236
130 126
130 131
130 145
130 149
130 163
130 167
130 181
130 185
130 200
130 204
130 218
130 222
130 236
131 126
131 131
131 145
131 149
131 163
131 167
131 181
131 185
131 200
131 204
131 218
131 222
131 236
132 126
132 131
132 145
132 149
132 163
132 167
132 181
132 185
132 200
132 204
132 218
132 222
132 236
133 126
133 131
133 145
133 149
133 163
133 167
133 181
133 185
133 200
133 204
133 218
133 222
133 236
134 126
134 131
134 145
134 149
134 163
134 167
134 181
134 185
134 200
134 204
134 218
134 222
134 236
135 127
135 128
135 129
135 130
135 131
135 133
135 134
135 135
135 136
135 137
135 138
135 139
135 140
135 141
135 142
135 143
135 144
135 146
135 147
135 148
135 149
135 151
135 152
135 153
135 154
135 155
135 156
135 157
135 158
135 159
135 160
135 161
135 162
135 164
135 165
135 166
135 167
135 169
135 170
135 171
135 172
135 173
135 174
135 175
135 176
135 177
135 178
135 179
135 180
135 182
135 183
135 184
135 185
135 187
135 188
135 189
135 190
135 191
135 192
135 193
135 194
135 195
135 196
135 197
135 198
135 199
135 201
135 202
135 203
135 204
135 206
135 207
135 208
135 209
135 210
135 211
135 212
135 213
135 214
135 215
135 216
135 217
135 219
135 220
135 221
135 222
135 224
135 225
135 226
135 227
135 228
135 229
135 230
135 231
135 232
135 233
135 234
135 235
135 237
135 238
135 239
136 127
136 131
136 132
136 145
136 146
136 149
136 150
136 163
136 164
136 167
136 168
136 181
136 182
136 185
136 186
136 200
136 201
136 204
136 205
136 218
136 219
136 222
136 223
136 236
136 237
137 126
137 131
137 145
137 149
137 163
137 167
137 181
137 185
137 200
137 204
137 218
137 222
137 236
138 126
138 131
138 145
138 149
138 163
138 167
138 181
138 185
138 200
138 204
138 218
138 222
138 236
139 127
139 128
139 129
139 130
139 131
139 132
139 133
139 134
139 135
139 136
139 137
139 138
139 139
139 140
139 141
139 142
139 143
139 144
139 145
139 146
139 147
139 148
139 149
139 150
139 151
139 152
139 153
139 154
139 155
139 156
139 157
139 158
139 159
139 160
139 161
139 162
139 163
139 164
139 165
139 166
139 167
139 168
139 169
139 170
139 171
139 172
139 173
139 174
139 175
139 176
139 177
139 178
139 179
139 180
139 181
139 182
139 183
139 184
139 185
139 186
139 187
139 188
139 189
139 190
139 191
139 192
139 193
139 194
139 195
139 196
139 197
139 198
139 199
139 200
139 201
139 202
139 203
139 204
139 205
139 206
139 207
139 208
139 209
139 210
139 211
139 212
139 213
139 214
139 215
139 216
139 217
139 218
139 219
139 220
139 221
139 222
139 223
139 224
139 225
139 226
139 227
139 228
139 229
139 230
139 231
139 232
139 233
139 234
139 235
139 236
139 237
139 238
139 239
140 127
140 131
140 146
140 149
140 164
140 167
140 182
140 185
140 201
140 204
140 219
140 222
140 237
141 126
141 131
141 145
141 149
141 163
141 167
141 181
141 185
141 200
141 204
141 218
141 222
141 236
142 126
142 131
142 145
142 149
142 163
142 167
142 181
142 185
142 200
142 204
142 218
142 222
142 236
143 126
143 131
143 145
143 149
143 163
143 167
143 181
143 185
143 200
143 204
143 218
143 222
143 236
144 126
144 131
144 145
144 149
144 163
144 167
144 181
144 185
144 200
144 204
144 218
144 222
144 236
145 126
145 131
145 145
145 149
145 163
145 167
145 181
145 185
145 200
145 204
145 218
145 222
145 236
146 126
146 131
146 145
146 149
146 163
146 167
146 181
146 185
146 200
146 204
146 218
146 222
146 236
147 126
147 131
147 145
147 149
147 163
147 167
147 181
147 185
147 200
147 204
147 218
147 222
147 236
148 126
148 131
148 145
148 149
148 163
148 167
148 181
148 185
148 200
148 204
148 218
148 222
148 236
149 126
149 131
149 145
149 149
149 163
149 167
149 181
149 185
149 200
149 204
149 218
149 222
149 236
150 126
150 131
150 145
150 149
150 163
150 167
150 181
150 185
150 200
150 204
150 218
150 222
150 236
151 126
151 131
151 145
151 149
151 163
151 167
151 181
151 185
151 200
151 204
151 218
151 222
151 236
152 126
152 131
152 145
152 149
152 163
152 167
152 181
152 185
152 200
152 204
152 218
152 222
152 236
153 127
153 128
153 129
153 130
153 131
153 133
153 134
153 135
153 136
153 137
153 138
153 139
153 140
153 141
153 142
153 143
153 144
153 146
153 147
153 148
153 149
153 151
153 152
153 153
153 154
153 155
153 156
153 157
153 158
153 159
153 160
153 161
153 162
153 164
153 165
153 166
153 167
153 169
153 170
153 171
153 172
153 173
153 174
153 175
153 176
153 177
153 178
153 179
153 180
153 182
153 183
153 184
153 185
153 187
153 188
153 189
153 190
153 191
153 192
153 193
153 194
153 195
153 196
153 197
153 198
153 199
153 201
153 202
153 203
153 204
153 206
153 207
153 208
153 209
153 210
153 211
153 212
153 213
153 214
153 215
153 216
153 217
153 219
153 220
153 221
153 222
153 224
153 225
153 226
153 227
153 228
153 229
153 230
153 231
153 232
153 233
153 234
153 235
153 237
153 238
153 239
154 127
154 131
154 132
154 145
154 146
154 149
154 150
154 163
154 164
154 167
154 168
154 181
154 182
154 185
154 186
154 200
154 201
154 204
154 205
154 218
154 219
154 222
154 223
154 236
154 237
155 127
155 131
155 145
155 149
155 163
155 167
155 181
155 185
155 200
155 204
155 218
155 222
155 236
156 127
156 131
156 145
156 149
156 163
156 167
156 181
156 185
156 200
156 204
156 218
156 222
156 236
157 128
157 129
157 130
157 131
157 132
157 133
157 134
157 135
157 136
157 137
157 138
157 139
157 140
157 141
157 142
157 143
157 144
157 145
157 146
157 147
157 148
157 149
157 150
157 151
157 152
157 153
157 154
157 155
157 156
157 157
157 158
157 159
157 160
157 161
157 162
157 163
157 164
157 165
157 166
157 167
157 168
157 169
157 170
157 171
157 172
157 173
157 174
157 175
157 176
157 177
157 178
157 179
157 180
157 181
157 182
157 183
157 184
157 185
157 186
157 187
157 188
157 189
157 190
157 191
157 192
157 193
157 194
157 195
157 196
157 197
157 198
157 199
157 200
157 201
157 202
157 203
157 204
157 205
157 206
157 207
157 208
157 209
157 210
157 211
157 212
157 213
157 214
157 215
157 216
157 217
157 218
157 219
157 220
157 221
157 222
157 223
157 224
157 225
157 226
157 227
157 228
157 229
157 230
157 231
157 232
157 233
157 234
157 235
157 236
157 237
157 238
157 239
158 128
158 131
158 146
158 149
158 164
158 167
158 182
158 185
158 201
158 204
158 219
158 222
158 237
159 127
159 131
159 145
159 149
159 163
159 167
159 181
159 185
159 200
159 204
159 218
159 222
159 236
160 127
160 131
160 145
160 149
160 163
160 167
160 181
160 185
160 200
160 204
160 218
160 222
160 236
161 127
161 131
161 145
161 149
161 163
161 167
161 181
161 185
161 200
161 204
161 218
161 222
161 236
162 127
162 131
162 145
162 149
162 163
162 167
162 181
162 185
162 200
162 204
162 218
162 222
162 236
163 127
163 131
163 145
163 149
163 163
163 167
163 181
163 185
163 200
163 204
163 218
163 222
163 236
164 127
164 131
164 145
164 149
164 163
164 167
164 181
164 185
164 200
164 204
164 218
164 222
164 236
165 127
165 131
165 145
165 149
165 163
165 167
165 181
165 185
165 200
165 204
165 218
165 222
165 236
166 127
166 131
166 145
166 149
166 163
166 167
166 181
166 185
166 200
166 204
166 218
166 222
166 236
167 127
167 131
167 145
167 149
167 163
167 167
167 181
167 185
167 200
167 204
167 218
167 222
167 236
168 127
168 131
168 145
168 149
168 163
168 167
168 181
168 185
168 200
168 204
168 218
168 222
168 236
169 127
169 131
169 145
169 149
169 163
169 167
169 181
169 185
169 200
169 204
169 218
169 222
169 236
170 127
170 131
170 145
170 149
170 163
170 167
170 181
170 185
170 200
170 204
170 218
170 222
170 236
171 128
171 129
171 130
171 131
171 133
171 134
171 135
171 136
171 137
171 138
171 139
171 140
171 141
171 142
171 143
171 144
171 146
171 147
171 148
171 149
171 151
171 152
171 153
171 154
171 155
171 156
171 157
171 158
171 159
171 160
171 161
171 162
171 164
171 165
171 166
171 167
171 169
171 170
171 171
171 172
171 173
171 174
171 175
171 176
171 177
171 178
171 179
171 180
171 182
171 183
171 184
171 185
171 187
171 188
171 189
171 190
171 191
171 192
171 193
171 194
171 195
171 196
171 197
171 198
171 199
171 201
171 202
171 203
171 204
171 206
171 207
171 208
171 209
171 210
171 211
171 212
171 213
171 214
171 215
171 216
171 217
171 219
171 220
171 221
171 222
171 224
171 225
171 226
171 227
171 228
171 229
171 230
171 231
171 232
171 233
171 234
171 235
171 237
171 238
171 239
172 128
172 131
172 132
172 145
172 146
172 149
172 150
172 163
172 164
172 167
172 168
172 181
172 182
172 185
172 186
172 200
172 201
172 204
172 205
172 218
172 219
172 222
172 223
172 236
172 237
173 127
173 131
173 145
173 149
173 163
173 167
173 181
173 185
173 200
173 204
173 218
173 222
173 236
174 127
174 131
174 145
174 149
174 163
174 167
174 181
174 185
174 200
174 204
174 218
174 222
174 236
175 128
175 129
175 130
175 131
175 132
175 133
175 134
175 135
175 136
175 137
175 138
175 139
175 140
175 141
175 142
175 143
175 144
175 145
175 146
175 147
175 148
175 149
175 150
175 151
175 152
175 153
175 154
175 155
175 156
175 157
175 158
175 159
175 160
175 161
175 162
175 163
175 164
175 165
175 166
175 167
175 168
175 169
175 170
175 171
175 172
175 173
175 174
175 175
175 176
175 177
175 178
175 179
175 180
175 181
175 182
175 183
175 184
175 185
175 186
175 187
175 188
175 189
175 190
175 191
175 192
175 193
175 194
175 195
175 196
175 197
175 198
175 199
175 200
175 201
175 202
175 203
175 204
175 205
175 206
175 207
175 208
175 209
175 210
175 211
175 212
175 213
175 214
175 215
175 216
175 217
175 218
175 219
175 220
175 221
175 222
175 223
175 224
175 225
175 226
175 227
175 228
175 229
175 230
175 231
175 232
175 233
175 234
175 235
175 236
175 237
175 238
175 239
176 128
176 131
176 146
176 149
176 164
176 167
176 182
176 185
176 201
176 204
176 219
176 222
176 237
177 127
177 131
177 145
177 149
177 163
177 167
177 181
177 185
177 200
177 204
177 218
177 222
177 236
178 127
178 131
178 145
178 149
178 163
178 167
178 181
178 185
178 200
178 204
178 218
178 222
178 236
179 127
179 131
179 145
179 149
179 163
179 167
179 181
179 185
179 200
179 204
179 218
179 222
179 236
180 127
180 131
180 145
180 149
180 163
180 167
180 181
180 185
180 200
180 204
180 218
180 222
180 236
181 127
181 131
181 145
181 149
181 163
181 167
181 181
181 185
181 200
181 204
181 218
181 222
181 236
182 127
182 131
182 145
182 149
182 163
182 167
182 181
182 185
182 200
182 204
182 218
182 222
182 236
183 127
183 131
183 145
183 149
183 163
183 167
183 181
183 185
183 200
183 204
183 218
183 222
183 236
184 127
184 131
184 145
184 149
184 163
184 167
184 181
184 185
184 200
184 204
184 218
184 222
184 236
185 127
185 131
185 145
185 149
185 163
185 167
185 181
185 185
185 200
185 204
185 218
185 222
185 236
186 127
186 131
186 145
186 149
186 163
186 167
186 181
186 185
186 200
186 204
186 218
186 222
186 236
187 127
187 131
187 145
187 149
187 163
187 167
187 181
187 185
187 200
187 204
187 218
187 222
187 236
188 127
188 131
188 145
188 149
188 163
188 167
188 181
188 185
188 200
188 204
188 218
188 222
188 236
189 128
189 129
189 130
189 131
189 133
189 134
189 135
189 136
189 137
189 138
189 139
189 140
189 141
189 142
189 143
189 144
189 146
189 147
189 148
189 149
189 151
189 152
189 153
189 154
189 155
189 156
189 157
189 158
189 159
189 160
189 161
189 162
189 164
189 165
189 166
189 167
189 169
189 170
189 171
189 172
189 173
189 174
189 175
189 176
189 177
189 178
189 179
189 180
189 182
189 183
189 184
189 185
189 187
189 188
189 189
189 190
189 191
189 192
189 193
189 194
189 195
189 196
189 197
189 198
189 199
189 201
189 202
189 203
189 204
189 206
189 207
189 208
189 209
189 210
189 211
189 212
189 213
189 214
189 215
189 216
189 217
189 219
189 220
189 221
189 222
189 224
189 225
189 226
189 227
189 228
189 229
189 230
189 231
189 232
189 233
189 234
189 235
189 237
189 238
189 239
190 128
190 131
190 132
190 145
190 146
190 149
190 150
190 163
190 164
190 167
190 168
190 181
190 182
190 185
190 186
190 200
190 201
190 204
190 205
190 218
190 219
190 222
190 223
190 236
190 237
191 127
191 131
191 145
191 149
191 163
191 167
191 181
191 185
191 200
191 204
191 218
191 222
191 236
192 127
192 131
192 145
192 149
192 163
192 167
192 181
192 185
192 200
192 204
192 218
192 222
192 236
193 128
193 129
193 130
193 131
193 132
193 133
193 134
193 135
193 136
193 137
193 138
193 139
193 140
193 141
193 142
193 143
193 144
193 145
193 146
193 147
193 148
193 149
193 150
193 151
193 152
193 153
193 154
193 155
193 156
193 157
193 158
193 159
193 160
193 161
193 162
193 163
193 164
193 165
193 166
193 167
193 168
193 169
193 170
193 171
193 172
193 173
193 174
193 175
193 176
193 177
193 178
193 179
193 180
193 181
193 182
193 183
193 184
193 185
193 186
193 187
193 188
193 189
193 190
193 191
193 192
193 193
193 194
193 195
193 196
193 197
193 198
193 199
193 200
193 201
193 202
193 203
193 204
193 205
193 206
193 207
193 208
193 209
193 210
193 211
193 212
193 213
193 214
193 215
193 216
193 217
193 218
193 219
193 220
193 221
193 222
193 223
193 224
193 225
193 226
193 227
193 228
193 229
193 230
193 231
193 232
193 233
193 234
193 235
193 236
193 237
193 238
193 239
194 128
194 131
194 146
194 149
194 164
194 167
194 182
194 185
194 201
194 204
194 219
194 222
194 237
195 127
195 131
195 145
195 149
195 163
195 167
195 181
195 185
195 200
195 204
195 218
195 222
195 236
196 127
196 131
196 145
196 149
196 163
196 167
196 181
196 185
196 200
196 204
196 218
196 222
196 236
197 127
197 131
197 145
197 149
197 163
197 167
197 181
197 185
197 200
197 204
197 218
197 222
197 236
198 127
198 131
198 145
198 149
198 163
198 167
198 181
198 185
198 200
198 204
198 218
198 222
198 236
199 127
199 131
199 145
199 149
199 163
199 167
199 181
199 185
199 200
199 204
199 218
199 222
199 236
200 127
200 131
200 145
200 149
200 163
200 167
200 181
200 185
200 200
200 204
200 218
200 222
200 236
201 127
201 131
201 145
201 149
201 163
201 167
201 181
201 185
201 200
201 204
201 218
201 222
201 236
202 127
202 131
202 145
202 149
202 163
202 167
202 181
202 185
202 200
202 204
202 218
202 222
202 236
203 127
203 131
203 145
203 149
203 163
203 167
203 181
203 185
203 200
203 204
203 218
203 222
203 236
204 127
204 131
204 145
204 149
204 163
204 167
204 181
204 185
204 200
204 204
204 218
204 222
204 236
205 127
205 131
205 145
205 149
205 163
205 167
205 182
205 185
205 200
205 204
205 218
205 222
205 236
206 127
206 131
206 145
206 149
206 163
206 167
206 182
206 185
206 200
206 204
206 218
206 222
206 236
207 110
207 111
207 112
207 113
207 114
207 115
207 116
207 117
207 118
207 119
207 120
207 127
207 131
207 145
207 149
207 163
207 167
207 182
207 185
207 200
207 204
207 218
207 222
207 236
208 121
208 122
208 123
208 124
208 125
208 126
208 128
208 129
208 130
208 131
208 133
208 134
208 135
208 136
208 137
208 138
208 139
208 140
208 141
208 142
208 143
208 144
208 146
208 147
208 148
208 149
208 151
208 152
208 153
208 154
208 155
208 156
208 157
208 158
208 159
208 160
208 161
208 162
208 164
208 165
208 166
208 167
208 169
208 170
208 171
208 172
208 173
208 174
208 175
208 176
208 177
208 178
208 179
208 180
208 181
208 183
208 184
208 185
208 187
208 188
208 189
208 190
208 191
208 192
208 193
208 194
208 195
208 196
208 197
208 198
208 199
208 201
208 202
208 203
208 204
208 206
208 207
208 208
208 209
208 210
208 211
208 212
208 213
208 214
208 215
208 216
208 217
208 219
208 220
208 221
208 222
208 224
208 225
208 226
208 227
208 228
208 229
208 230
208 231
208 232
208 233
208 234
208 235
208 237
208 238
208 239
209 127
209 128
209 131
209 132
209 145
209 146
209 149
209 150
209 163
209 164
209 167
209 168
209 182
209 183
209 185
209 186
209 200
209 201
209 204
209 205
209 218
209 219
209 222
209 223
209 236
209 237
210 127
210 131
210 145
210 149
210 163
210 167
210 182
210 185
210 200
210 204
210 218
210 222
210 236
211 127
211 131
211 145
211 149
211 163
211 167
211 182
211 185
211 200
211 204
211 218
211 222
211 236
212 110
212 111
212 112
212 113
212 114
212 115
212 116
212 117
212 118
212 119
212 120
212 121
212 122
212 123
212 124
212 125
212 126
212 127
212 128
212 129
212 130
212 131
212 132
212 133
212 134
212 135
212 136
212 137
212 138
212 139
212 140
212 141
212 142
212 143
212 144
212 145
212 146
212 147
212 148
212 149
212 150
212 151
212 152
212 153
212 154
212 155
212 156
212 157
212 158
212 159
212 160
212 161
212 162
212 163
212 164
212 165
212 166
212 167
212 168
212 169
212 170
212 171
212 172
212 173
212 174
212 175
212 176
212 177
212 178
212 179
212 180
212 181
212 182
212 183
212 184
212 185
212 186
212 187
212 188
212 189
212 190
212 191
212 192
212 193
212 194
212 195
212 196
212 197
212 198
212 199
212 200
212 201
212 202
212 203
212 204
212 205
212 206
212 207
212 208
212 209
212 210
212 211
212 212
212 213
212 214
212 215
212 216
212 217
212 218
212 219
212 220
212 221
212 222
212 223
212 224
212 225
212 226
212 227
212 228
212 229
212 230
212 231
212 232
212 233
212 234
212 235
212 236
212 237
212 238
212 239
213 128
213 131
213 146
213 149
213 164
213 167
213 183
213 185
213 201
213 204
213 219
213 222
213 237
214 127
214 131
214 145
214 149
214 163
214 167
214 182
214 185
214 200
214 204
214 218
214 222
214 236
215 127
215 131
215 145
215 149
215 163
215 167
215 182
215 186
215 200
215 204
215 218
215 222
215 236
216 127
216 131
216 145
216 149
216 163
216 167
216 182
216 186
216 200
216 204
216 218
216 222
216 236
217 127
217 131
217 145
217 149
217 163
217 167
217 182
217 186
217 200
217 204
217 218
217 222
217 236
218 127
218 131
218 145
218 149
218 163
218 167
218 182
218 186
218 200
218 204
218 218
218 222
218 236
219 127
219 131
219 145
219 149
219 163
219 167
219 182
219 186
219 200
219 204
219 218
219 222
219 236
220 127
220 131
220 145
220 149
220 163
220 167
220 182
220 186
220 200
220 204
220 218
220 222
220 236
221 127
221 131
221 145
221 149
221 163
221 167
221 182
221 186
221 200
221 204
221 218
221 222
221 236
222 127
222 131
222 145
222 149
222 163
222 167
222 182
222 186
222 200
222 204
222 218
222 222
222 236
223 127
223 131
223 145
223 149
223 163
223 167
223 182
223 186
223 200
223 204
223 218
223 222
223 236
224 127
224 131
224 145
224 149
224 163
224 167
224 182
224 186
224 200
224 204
224 218
224 222
224 236
225 127
225 131
225 145
225 149
225 163
225 167
225 182
225 186
225 200
225 204
225 218
225 222
225 236
226 128
226 129
226 130
226 131
226 133
226 134
226 135
226 136
226 137
226 138
226 139
226 140
226 141
226 142
226 143
226 144
226 146
226 147
226 148
226 149
226 151
226 152
226 153
226 154
226 155
226 156
226 157
226 158
226 159
226 160
226 161
226 162
226 164
226 165
226 166
226 167
226 169
226 170
226 171
226 172
226 173
226 174
226 175
226 176
226 177
226 178
226 179
226 180
226 181
226 183
226 184
226 185
226 186
226 188
226 189
226 190
226 191
226 192
226 193
226 194
226 195
226 196
226 197
226 198
226 199
226 201
226 202
226 203
226 204
226 206
226 207
226 208
226 209
226 210
226 211
226 212
226 213
226 214
226 215
226 216
226 217
226 219
226 220
226 221
226 222
226 224
226 225
226 226
226 227
226 228
226 229
226 230
226 231
226 232
226 233
226 234
226 235
226 237
226 238
226 239
227 128
227 131
227 132
227 145
227 146
227 149
227 150
227 163
227 164
227 167
227 168
227 182
227 183
227 186
227 187
227 200
227 201
227 204
227 205
227 218
227 219
227 222
227 223
227 236
227 237
228 127
228 131
228 145
228 149
228 163
228 167
228 182
228 186
228 200
228 204
228 218
228 222
228 236
229 127
229 131
229 145
229 149
229 163
229 167
229 182
229 186
229 200
229 204
229 218
229 222
229 236
230 128
230 129
230 130
230 131
230 132
230 133
230 134
230 135
230 136
230 137
230 138
230 139
230 140
230 141
230 142
230 143
230 144
230 145
230 146
230 147
230 148
230 149
230 150
230 151
230 152
230 153
230 154
230 155
230 156
230 157
230 158
230 159
230 160
230 161
230 162
230 163
230 164
230 165
230 166
230 167
230 168
230 169
230 170
230 171
230 172
230 173
230 174
230 175
230 176
230 177
230 178
230 179
230 180
230 181
230 182
230 183
230 184
230 185
230 186
230 187
230 188
230 189
230 190
230 191
230 192
230 193
230 194
230 195
230 196
230 197
230 198
230 199
230 200
230 201
230 202
230 203
230 204
230 205
230 206
230 207
230 208
230 209
230 210
230 211
230 212
230 213
230 214
230 215
230 216
230 217
230 218
230 219
230 220
230 221
230 222
230 223
230 224
230 225
230 226
230 227
230 228
230 229
230 230
230 231
230 232
230 233
230 234
230 235
230 236
230 237
230 238
230 239
231 128
231 131
231 146
231 149
231 164
231 167
231 183
231 186
231 201
231 204
231 219
231 222
231 237
232 127
232 131
232 145
232 149
232 163
232 167
232 182
232 186
232 200
232 204
232 218
232 222
232 236
233 127
233 131
233 145
233 149
233 163
233 167
233 182
233 186
233 200
233 204
233 218
233 222
233 236
234 127
234 131
234 145
234 149
234 163
234 167
234 182
234 186
234 200
234 204
234 218
234 222
234 236
235 127
235 131
235 145
235 149
235 163
235 167
235 182
235 186
235 200
235 204
235 218
235 222
235 236
236 127
236 131
236 145
236 149
236 163
236 167
236 182
236 186
236 200
236 204
236 218
236 222
236 236
237 127
237 131
237 145
237 149
237 163
237 167
237 182
237 186
237 200
237 204
237 218
237 222
237 236
238 127
238 131
238 145
238 149
238 163
238 167
238 182
238 186
238 200
238 204
238 218
238 222
238 236
239 127
239 131
239 145
239 149
239 163
239 167
239 182
239 186
239 200
239 204
239 218
239 222
239 236
240 127
240 131
240 145
240 149
240 163
240 167
240 182
240 186
240 200
240 204
240 218
240 222
240 236
241 127
241 131
241 145
241 149
241 163
241 167
241 182
241 186
241 200
241 204
241 218
241 222
241 236
242 127
242 131
242 145
242 149
242 163
242 167
242 182
242 186
242 200
242 204
242 218
242 222
242 236
243 127
243 131
243 145
243 149
243 163
243 167
243 182
243 186
243 200
243 204
243 218
243 222
243 236
244 128
244 129
244 130
244 131
244 133
244 134
244 135
244 136
244 137
244 138
244 139
244 140
244 141
244 142
244 143
244 144
244 146
244 147
244 148
244 149
244 151
244 152
244 153
244 154
244 155
244 156
244 157
244 158
244 159
244 160
244 161
244 162
244 164
244 165
244 166
244 167
244 169
244 170
244 171
244 172
244 173
244 174
244 175
244 176
244 177
244 178
244 179
244 180
244 181
244 183
244 184
244 185
244 186
244 188
244 189
244 190
244 191
244 192
244 193
244 194
244 195
244 196
244 197
244 198
244 199
244 201
244 202
244 203
244 204
244 206
244 207
244 208
244 209
244 210
244 211
244 212
244 213
244 214
244 215
244 216
244 217
244 219
244 220
244 221
244 222
244 224
244 225
244 226
244 227
244 228
244 229
244 230
244 231
244 232
244 233
244 234
244 235
244 237
244 238
244 239
245 128
245 131
245 132
245 145
245 146
245 149
245 150
245 163
245 164
245 167
245 168
245 182
245 183
245 186
245 187
245 200
245 201
245 204
245 205
245 218
245 219
245 222
245 223
245 236
245 237
246 127
246 131
246 145
246 149
246 163
246 167
246 182
246 186
246 200
246 204
246 218
246 222
246 236
247 127
247 131
247 145
247 149
247 163
247 167
247 182
247 186
247 200
247 204
247 218
247 222
247 236
248 128
248 129
248 130
248 131
248 132
248 133
248 134
248 135
248 136
248 137
248 138
248 139
248 140
248 141
248 142
248 143
248 144
248 145
248 146
248 147
248 148
248 149
248 150
248 151
248 152
248 153
248 154
248 155
248 156
248 157
248 158
248 159
248 160
248 161
248 162
248 163
248 164
248 165
248 166
248 167
248 168
248 169
248 170
248 171
248 172
248 173
248 174
248 175
248 176
248 177
248 178
248 179
248 180
248 181
248 182
248 183
248 184
248 185
248 186
248 187
248 188
248 189
248 190
248 191
248 192
248 193
248 194
248 195
248 196
248 197
248 198
248 199
248 200
248 201
248 202
248 203
248 204
248 205
248 206
248 207
248 208
248 209
248 210
248 211
248 212
248 213
248 214
248 215
248 216
248 217
248 218
248 219
248 220
248 221
248 222
248 223
248 224
248 225
248 226
248 227
248 228
248 229
248 230
248 231
248 232
248 233
248 234
248 235
248 236
248 237
248 238
248 239
249 128
249 131
249 146
249 149
249 164
249 167
249 183
249 186
249 201
249 204
249 219
249 222
249 237
250 127
250 131
250 145
250 149
250 163
250 167
250 182
250 186
250 200
250 204
250 218
250 222
250 236
251 127
251 131
251 145
251 149
251 163
251 167
251 182
251 186
251 200
251 204
251 218
251 222
251 236
252 127
252 131
252 145
252 149
252 163
252 167
252 182
252 186
252 200
252 204
252 218
252 222
252 236
253 127
253 131
253 145
253 149
253 163
253 167
253 182
253 186
253 200
253 204
253 218
253 222
253 236
254 127
254 131
254 145
254 149
254 163
254 167
254 182
254 186
254 200
254 204
254 218
254 222
254 236
255 127
255 131
255 145
255 149
255 163
255 167
255 182
255 186
255 200
255 204
255 218
255 222
255 236
256 127
256 131
256 145
256 149
256 163
256 167
256 182
256 186
256 200
256 204
256 218
256 222
256 236
257 127
257 131
257 145
257 149
257 163
257 167
257 182
257 186
257 200
257 204
257 218
257 222
257 236
258 127
258 131
258 145
258 149
258 163
258 167
258 182
258 186
258 200
258 204
258 218
258 222
258 236
259 127
259 131
259 145
259 149
259 163
259 167
259 182
259 186
259 200
259 204
259 218
259 222
259 236
260 127
260 131
260 145
260 149
260 163
260 167
260 182
260 186
260 200
260 204
260 218
260 222
260 236
261 128
261 129
261 130
261 131
261 133
261 134
261 135
261 136
261 137
261 138
261 139
261 140
261 141
261 142
261 143
261 144
261 146
261 147
261 148
261 149
261 151
261 152
261 153
261 154
261 155
261 156
261 157
261 158
261 159
261 160
261 161
261 162
261 164
261 165
261 166
261 167
261 169
261 170
261 171
261 172
261 173
261 174
261 175
261 176
261 177
261 178
261 179
261 180
261 181
261 183
261 184
261 185
261 186
261 188
261 189
261 190
261 191
261 192
261 193
261 194
261 195
261 196
261 197
261 198
261 199
261 201
261 202
261 203
261 204
261 206
261 207
261 208
261 209
261 210
261 211
261 212
261 213
261 214
261 215
261 216
261 217
261 219
261 220
261 221
261 222
261 224
261 225
261 226
261 227
261 228
261 229
261 230
261 231
261 232
261 233
261 234
261 235
261 237
261 238
261 239
262 128
262 131
262 132
262 145
262 146
262 149
262 150
262 163
262 164
262 167
262 168
262 182
262 183
262 186
262 187
262 200
262 201
262 204
262 205
262 218
262 219
262 222
262 223
262 236
262 237
263 127
263 131
263 145
263 149
263 163
263 167
263 182
263 186
263 200
263 204
263 218
263 222
263 236
264 127
264 131
264 145
264 149
264 163
264 167
264 182
264 186
264 200
264 204
264 218
264 222
264 236
265 128
265 129
265 130
265 131
265 132
265 133
265 134
265 135
265 136
265 137
265 138
265 139
265 140
265 141
265 142
265 143
265 144
265 145
265 146
265 147
265 148
265 149
265 150
265 151
265 152
265 153
265 154
265 155
265 156
265 157
265 158
265 159
265 160
265 161
265 162
265 163
265 164
265 165
265 166
265 167
265 168
265 169
265 170
265 171
265 172
265 173
265 174
265 175
265 176
265 177
265 178
265 179
265 180
265 181
265 182
265 183
265 184
265 185
265 186
265 187
265 188
265 189
265 190
265 191
265 192
265 193
265 194
265 195
265 196
265 197
265 198
265 199
265 200
265 201
265 202
265 203
265 204
265 205
265 206
265 207
265 208
265 209
265 210
265 211
265 212
265 213
265 214
265 215
265 216
265 217
265 218
265 219
265 220
265 221
265 222
265 223
265 224
265 225
265 226
265 227
265 228
265 229
265 230
265 231
265 232
265 233
265 234
265 235
265 236
265 237
265 238
265 239
266 128
266 131
266 146
266 149
266 164
266 167
266 183
266 186
266 201
266 204
266 219
266 222
266 237
267 127
267 131
267 145
267 149
267 163
267 167
267 182
267 186
267 200
267 204
267 218
267 222
267 236
268 127
268 131
268 145
268 149
268 163
268 167
268 182
268 186
268 200
268 204
268 218
268 222
268 236
269 127
269 131
269 145
269 149
269 163
269 167
269 182
269 186
269 200
269 204
269 218
269 222
269 236
270 127
270 131
270 145
270 149
270 163
270 167
270 182
270 186
270 200
270 204
270 218
270 222
270 236
271 127
271 131
271 145
271 149
271 163
271 167
271 182
271 186
271 200
271 204
271 218
271 222
271 236
272 127
272 131
272 145
272 149
272 163
272 167
272 182
272 186
272 200
272 204
272 218
272 222
272 236
273 127
273 131
273 145
273 149
273 163
273 167
273 182
273 186
273 200
273 204
273 218
273 222
273 236
274 127
274 131
274 145
274 149
274 163
274 167
274 182
274 186
274 200
274 204
274 218
274 222
274 236
275 127
275 131
275 145
275 149
275 163
275 167
275 182
275 186
275 200
275 204
275 218
275 222
275 236
276 127
276 131
276 145
276 149
276 163
276 167
276 182
276 186
276 200
276 204
276 218
276 222
276 236
277 127
277 131
277 145
277 149
277 163
277 167
277 182
277 186
277 200
277 204
277 218
277 222
277 236
278 127
278 131
278 145
278 149
278 163
278 167
278 182
278 186
278 200
278 204
278 218
278 222
278 236
279 128
279 129
279 130
279 131
279 133
279 134
279 135
279 136
279 137
279 138
279 139
279 140
279 141
279 142
279 143
279 144
279 146
279 147
279 148
279 149
279 151
279 152
279 153
279 154
279 155
279 156
279 157
279 158
279 159
279 160
279 161
279 162
279 164
279 165
279 166
279 167
279 169
279 170
279 171
279 172
279 173
279 174
279 175
279 176
279 177
279 178
279 179
279 180
279 181
279 183
279 184
279 185
279 186
279 188
279 189
279 190
279 191
279 192
279 193
279 194
279 195
279 196
279 197
279 198
279 199
279 201
279 202
279 203
279 204
279 206
279 207
279 208
279 209
279 210
279 211
279 212
279 213
279 214
279 215
279 216
279 217
279 219
279 220
279 221
279 222
279 224
279 225
279 226
279 227
279 228
279 229
279 230
279 231
279 232
279 233
279 234
279 235
279 237
279 238
279 239
280 128
280 131
280 132
280 145
280 146
280 149
280 150
280 163
280 164
280 167
280 168
280 182
280 183
280 186
280 187
280 200
280 201
280 204
280 205
280 218
280 219
280 222
280 223
280 236
280 237
281 127
281 131
281 145
281 149
281 163
281 167
281 182
281 186
281 200
281 204
281 218
281 222
281 236
282 127
282 131
282 145
282 149
282 163
282 167
282 182
282 186
282 200
282 204
282 218
282 222
282 236
283 128
283 129
283 130
283 131
283 132
283 133
283 134
283 135
283 136
283 137
283 138
283 139
283 140
283 141
283 142
283 143
283 144
283 145
283 146
283 147
283 148
283 149
283 150
283 151
283 152
283 153
283 154
283 155
283 156
283 157
283 158
283 159
283 160
283 161
283 162
283 163
283 164
283 165
283 166
283 167
283 168
283 169
283 170
283 171
283 172
283 173
283 174
283 175
283 176
283 177
283 178
283 179
283 180
283 181
283 182
283 183
283 184
283 185
283 186
283 187
283 188
283 189
283 190
283 191
283 192
283 193
283 194
283 195
283 196
283 197
283 198
283 199
283 200
283 201
283 202
283 203
283 204
283 205
283 206
283 207
283 208
283 209
283 210
283 211
283 212
283 213
283 214
283 215
283 216
283 217
283 218
283 219
283 220
283 221
283 222
283 223
283 224
283 225
283 226
283 227
283 228
283 229
283 230
283 231
283 232
283 233
283 234
283 235
283 236
283 237
283 238
283 239
284 128
284 131
284 146
284 149
284 164
284 167
284 183
284 186
284 201
284 204
284 219
284 222
284 237
285 127
285 131
285 145
285 149
285 163
285 167
285 182
285 186
285 200
285 204
285 218
285 222
285 236
286 127
286 131
286 145
286 149
286 163
286 167
286 182
286 186
286 200
286 204
286 218
286 222
286 236
287 127
287 131
287 145
287 149
287 163
287 167
287 182
287 186
287 200
287 204
287 218
287 222
287 236
288 127
288 131
288 145
288 149
288 163
288 167
288 182
288 186
288 200
288 204
288 218
288 222
288 236
289 127
289 131
289 145
289 149
289 163
289 167
289 182
289 186
289 200
289 204
289 218
289 222
289 236
290 127
290 131
290 145
290 149
290 163
290 167
290 182
290 186
290 200
290 204
290 218
290 222
290 236
291 127
291 131
291 145
291 149
291 163
291 167
291 182
291 186
291 200
291 204
291 218
291 222
291 236
292 127
292 131
292 145
292 149
292 163
292 167
292 182
292 186
292 200
292 204
292 218
292 222
292 236
293 127
293 131
293 145
293 149
293 163
293 167
293 182
293 186
293 200
293 204
293 218
293 222
293 236
294 127
294 131
294 145
294 149
294 163
294 167
294 182
294 186
294 200
294 204
294 218
294 222
294 236
295 127
295 131
295 145
295 149
295 163
295 167
295 182
295 186
295 200
295 204
295 218
295 222
295 236
296 127
296 131
296 145
296 149
296 163
296 167
296 182
296 186
296 200
296 204
296 218
296 222
296 236
297 128
297 129
297 130
297 131
297 133
297 134
297 135
297 136
297 137
297 138
297 139
297 140
297 141
297 142
297 143
297 144
297 146
297 147
297 148
297 149
297 151
297 152
297 153
297 154
297 155
297 156
297 157
297 158
297 159
297 160
297 161
297 162
297 164
297 165
297 166
297 167
297 169
297 170
297 171
297 172
297 173
297 174
297 175
297 176
297 177
297 178
297 179
297 180
297 181
297 183
297 184
297 185
297 186
297 188
297 189
297 190
297 191
297 192
297 193
297 194
297 195
297 196
297 197
297 198
297 199
297 201
297 202
297 203
297 204
297 206
297 207
297 208
297 209
297 210
297 211
297 212
297 213
297 214
297 215
297 216
297 217
297 219
297 220
297 221
297 222
297 224
297 225
297 226
297 227
297 228
297 229
297 230
297 231
297 232
297 233
297 234
297 235
297 237
297 238
297 239
298 127
298 128
298 131
298 132
298 145
298 146
298 149
298 150
298 163
298 164
298 167
298 168
298 182
298 183
298 186
298 187
298 200
298 201
298 204
298 205
298 218
298 219
298 222
298 223
298 236
298 237
299 127
299 131
299 145
299 149
299 163
299 167
299 182
299 186
299 200
299 204
299 218
299 222
299 236
300 127
300 131
300 145
300 149
300 163
300 167
300 182
300 186
300 200
300 204
300 218
300 222
300 236
301 127
301 128
301 131
301 132
301 133
301 134
301 135
301 136
301 137
301 138
301 139
301 140
301 141
301 142
301 143
301 144
301 145
301 146
301 149
301 150
301 151
301 152
301 153
301 154
301 155
301 156
301 157
301 158
301 159
301 160
301 161
301 162
301 163
301 164
301 167
301 168
301 169
301 170
301 171
301 172
301 173
301 174
301 175
301 176
301 177
301 178
301 179
301 180
301 181
301 182
301 183
301 186
301 187
301 188
301 189
301 190
301 191
301 192
301 193
301 194
301 195
301 196
301 197
301 198
301 199
301 200
301 201
301 204
301 205
301 206
301 207
301 208
301 209
301 210
301 211
301 212
301 213
301 214
301 215
301 216
301 217
301 218
301 219
301 220
301 221
301 222
301 223
301 224
301 225
301 226
301 227
301 228
301 229
301 230
301 231
301 232
301 233
301 234
301 235
301 236
301 237
302 128
302 129
302 130
302 131
302 146
302 147
302 148
302 149
302 164
302 165
302 166
302 167
302 183
302 184
302 185
302 202
302 203
302 204
302 219
302 222
302 237
302 238
302 239
303 218
303 222
304 218
304 222
305 218
305 222
306 218
306 222
307 218
307 222
308 218
308 222
309 218
309 222
310 218
310 222
311 218
311 222
312 218
312 222
313 218
313 222
314 218
314 222
