# Row, Column
95 218 103 218
95 223 103 223
96 218 104 218
96 223 104 223
97 218 105 218
97 223 105 223
98 218 106 218
98 223 106 223
99 218 107 218
99 223 107 223
100 218 108 218
100 223 108 223
101 218 109 218
101 223 109 223
102 218 110 218
102 223 110 223
103 218 111 218
103 223 111 223
104 218 112 218
104 223 112 223
105 218 113 218
105 223 113 223
106 218 114 218
106 223 114 223
107 218 115 218
107 219 115 219
107 223 115 223
108 219 116 219
108 223 116 223
109 219 117 219
109 223 117 223
110 219 118 219
110 223 118 223
112 128 120 128
112 129 120 129
112 130 120 130
112 131 120 131
112 132 120 132
112 133 120 133
112 134 120 134
112 135 120 135
112 136 120 136
112 137 120 137
112 138 120 138
112 139 120 139
112 140 120 140
112 141 120 141
112 142 120 142
112 143 120 143
112 144 120 144
112 145 120 145
112 146 120 146
112 147 120 147
112 148 120 148
112 149 120 149
112 150 120 150
112 151 120 151
112 152 120 152
112 153 120 153
112 154 120 154
112 155 120 155
112 156 120 156
112 157 120 157
112 158 120 158
112 159 120 159
112 160 120 160
112 161 120 161
112 162 120 162
112 163 120 163
112 164 120 164
112 165 120 165
112 166 120 166
112 167 120 167
112 168 120 168
112 169 120 169
112 170 120 170
112 171 120 171
112 172 120 172
112 173 120 173
112 174 120 174
112 175 120 175
112 176 120 176
112 177 120 177
112 178 120 178
112 179 120 179
112 180 120 180
112 181 120 181
112 182 120 182
112 183 120 183
112 184 120 184
112 185 120 185
112 186 120 186
112 187 120 187
112 188 120 188
112 189 120 189
112 190 120 190
112 191 120 191
112 192 120 192
112 193 120 193
112 194 120 194
112 195 120 195
112 196 120 196
112 197 120 197
112 198 120 198
112 199 120 199
112 200 120 200
112 201 120 201
112 202 120 202
112 203 120 203
112 204 120 204
112 205 120 205
112 206 120 206
112 207 120 207
112 208 120 208
112 209 120 209
112 210 120 210
112 211 120 211
112 212 120 212
112 213 120 213
112 214 120 214
112 215 120 215
112 218 120 218
112 219 120 219
112 220 120 220
112 221 120 221
112 222 120 222
112 223 120 223
112 225 120 225
112 226 120 226
112 227 120 227
112 228 120 228
112 229 120 229
112 230 120 230
112 231 120 231
112 232 120 232
112 233 120 233
112 234 120 234
112 235 120 235
112 236 120 236
112 237 120 237
112 238 120 238
112 239 120 239
113 127 121 127
113 128 121 128
113 132 121 132
113 146 121 146
113 150 121 150
113 164 121 164
113 168 121 168
113 182 121 182
113 186 121 186
113 201 121 201
113 205 121 205
113 215 121 215
113 216 121 216
113 217 121 217
113 218 121 218
113 223 121 223
113 237 121 237
114 127 122 127
114 132 122 132
114 146 122 146
114 150 122 150
114 164 122 164
114 168 122 168
114 182 122 182
114 186 122 186
114 201 122 201
114 205 122 205
114 219 122 219
114 223 122 223
114 237 122 237
115 127 123 127
115 132 123 132
115 146 123 146
115 150 123 150
115 164 123 164
115 168 123 168
115 182 123 182
115 186 123 186
115 201 123 201
115 205 123 205
115 219 123 219
115 223 123 223
115 237 123 237
116 127 124 127
116 132 124 132
116 146 124 146
116 150 124 150
116 164 124 164
116 168 124 168
116 182 124 182
116 186 124 186
116 201 124 201
116 205 124 205
116 219 124 219
116 224 124 224
116 237 124 237
117 127 125 127
117 128 125 128
117 129 125 129
117 130 125 130
117 131 125 131
117 132 125 132
117 134 125 134
117 135 125 135
117 136 125 136
117 137 125 137
117 138 125 138
117 139 125 139
117 140 125 140
117 141 125 141
117 142 125 142
117 143 125 143
117 144 125 144
117 146 125 146
117 147 125 147
117 148 125 148
117 149 125 149
117 150 125 150
117 152 125 152
117 153 125 153
117 154 125 154
117 155 125 155
117 156 125 156
117 157 125 157
117 158 125 158
117 159 125 159
117 160 125 160
117 161 125 161
117 162 125 162
117 164 125 164
117 165 125 165
117 166 125 166
117 167 125 167
117 168 125 168
117 170 125 170
117 171 125 171
117 172 125 172
117 173 125 173
117 174 125 174
117 175 125 175
117 176 125 176
117 177 125 177
117 178 125 178
117 179 125 179
117 180 125 180
117 182 125 182
117 183 125 183
117 184 125 184
117 185 125 185
117 186 125 186
117 188 125 188
117 189 125 189
117 190 125 190
117 191 125 191
117 192 125 192
117 193 125 193
117 194 125 194
117 195 125 195
117 196 125 196
117 197 125 197
117 198 125 198
117 199 125 199
117 201 125 201
117 202 125 202
117 203 125 203
117 204 125 204
117 205 125 205
117 207 125 207
117 208 125 208
117 209 125 209
117 210 125 210
117 211 125 211
117 212 125 212
117 213 125 213
117 214 125 214
117 215 125 215
117 216 125 216
117 217 125 217
117 219 125 219
117 220 125 220
117 221 125 221
117 222 125 222
117 223 125 223
117 224 125 224
117 225 125 225
117 226 125 226
117 227 125 227
117 228 125 228
117 229 125 229
117 230 125 230
117 231 125 231
117 232 125 232
117 233 125 233
117 234 125 234
117 235 125 235
117 237 125 237
117 238 125 238
117 239 125 239
118 127 126 127
119 127 127 127
119 132 127 132
119 146 127 146
119 150 127 150
119 164 127 164
119 168 127 168
119 182 127 182
119 186 127 186
119 201 127 201
119 205 127 205
119 219 127 219
119 223 127 223
119 237 127 237
120 127 128 127
120 132 128 132
120 146 128 146
120 150 128 150
120 164 128 164
120 168 128 168
120 182 128 182
120 186 128 186
120 201 128 201
120 205 128 205
120 219 128 219
120 223 128 223
120 237 128 237
121 127 129 127
121 132 129 132
121 146 129 146
121 150 129 150
121 164 129 164
121 168 129 168
121 182 129 182
121 186 129 186
121 201 129 201
121 205 129 205
121 219 129 219
121 223 129 223
121 237 129 237
122 127 130 127
122 132 130 132
122 146 130 146
122 150 130 150
122 164 130 164
122 168 130 168
122 182 130 182
122 186 130 186
122 201 130 201
122 205 130 205
122 219 130 219
122 223 130 223
122 237 130 237
123 127 131 127
123 132 131 132
123 146 131 146
123 150 131 150
123 164 131 164
123 168 131 168
123 182 131 182
123 186 131 186
123 201 131 201
123 205 131 205
123 219 131 219
123 223 131 223
123 237 131 237
124 127 132 127
124 132 132 132
124 146 132 146
124 150 132 150
124 164 132 164
124 168 132 168
124 182 132 182
124 186 132 186
124 201 132 201
124 205 132 205
124 219 132 219
124 223 132 223
124 237 132 237
125 127 133 127
125 132 133 132
125 146 133 146
125 150 133 150
125 164 133 164
125 168 133 168
125 182 133 182
125 186 133 186
125 201 133 201
125 205 133 205
125 219 133 219
125 223 133 223
125 237 133 237
126 127 134 127
126 132 134 132
126 146 134 146
126 150 134 150
126 164 134 164
126 168 134 168
126 182 134 182
126 186 134 186
126 201 134 201
126 205 134 205
126 219 134 219
126 223 134 223
126 237 134 237
127 127 135 127
127 132 135 132
127 146 135 146
127 150 135 150
127 164 135 164
127 168 135 168
127 182 135 182
127 186 135 186
127 201 135 201
127 205 135 205
127 219 135 219
127 223 135 223
127 237 135 237
128 127 136 127
128 132 136 132
128 146 136 146
128 150 136 150
128 164 136 164
128 168 136 168
128 182 136 182
128 186 136 186
128 201 136 201
128 205 136 205
128 219 136 219
128 223 136 223
128 237 136 237
129 127 137 127
129 132 137 132
129 146 137 146
129 150 137 150
129 164 137 164
129 168 137 168
129 182 137 182
129 186 137 186
129 201 137 201
129 205 137 205
129 219 137 219
129 223 137 223
129 237 137 237
130 127 138 127
131 127 139 127
131 128 139 128
131 129 139 129
131 130 139 130
131 131 139 131
131 132 139 132
131 134 139 134
131 135 139 135
131 136 139 136
131 137 139 137
131 138 139 138
131 139 139 139
131 140 139 140
131 141 139 141
131 142 139 142
131 143 139 143
131 144 139 144
131 146 139 146
131 147 139 147
131 148 139 148
131 149 139 149
131 150 139 150
131 152 139 152
131 153 139 153
131 154 139 154
131 155 139 155
131 156 139 156
131 157 139 157
131 158 139 158
131 159 139 159
131 160 139 160
131 161 139 161
131 162 139 162
131 164 139 164
131 165 139 165
131 166 139 166
131 167 139 167
131 168 139 168
131 170 139 170
131 171 139 171
131 172 139 172
131 173 139 173
131 174 139 174
131 175 139 175
131 176 139 176
131 177 139 177
131 178 139 178
131 179 139 179
131 180 139 180
131 182 139 182
131 183 139 183
131 184 139 184
131 185 139 185
131 186 139 186
131 188 139 188
131 189 139 189
131 190 139 190
131 191 139 191
131 192 139 192
131 193 139 193
131 194 139 194
131 195 139 195
131 196 139 196
131 197 139 197
131 198 139 198
131 199 139 199
131 201 139 201
131 202 139 202
131 203 139 203
131 204 139 204
131 205 139 205
131 207 139 207
131 208 139 208
131 209 139 209
131 210 139 210
131 211 139 211
131 212 139 212
131 213 139 213
131 214 139 214
131 215 139 215
131 216 139 216
131 217 139 217
131 219 139 219
131 220 139 220
131 221 139 221
131 222 139 222
131 223 139 223
131 225 139 225
131 226 139 226
131 227 139 227
131 228 139 228
131 229 139 229
131 230 139 230
131 231 139 231
131 232 139 232
131 233 139 233
131 234 139 234
131 235 139 235
131 237 139 237
131 238 139 238
131 239 139 239
132 127 140 127
132 132 140 132
132 146 140 146
132 150 140 150
132 164 140 164
132 168 140 168
132 182 140 182
132 186 140 186
132 201 140 201
132 205 140 205
132 219 140 219
132 223 140 223
132 237 140 237
133 127 141 127
133 132 141 132
133 146 141 146
133 150 141 150
133 164 141 164
133 168 141 168
133 182 141 182
133 186 141 186
133 201 141 201
133 205 141 205
133 219 141 219
133 223 141 223
133 237 141 237
134 127 142 127
134 132 142 132
134 146 142 146
134 150 142 150
134 164 142 164
134 168 142 168
134 182 142 182
134 186 142 186
134 201 142 201
134 205 142 205
134 219 142 219
134 223 142 223
134 237 142 237
135 127 143 127
135 128 143 128
135 129 143 129
135 130 143 130
135 131 143 131
135 132 143 132
135 134 143 134
135 135 143 135
135 136 143 136
135 137 143 137
135 138 143 138
135 139 143 139
135 140 143 140
135 141 143 141
135 142 143 142
135 143 143 143
135 144 143 144
135 146 143 146
135 147 143 147
135 148 143 148
135 149 143 149
135 150 143 150
135 152 143 152
135 153 143 153
135 154 143 154
135 155 143 155
135 156 143 156
135 157 143 157
135 158 143 158
135 159 143 159
135 160 143 160
135 161 143 161
135 162 143 162
135 164 143 164
135 165 143 165
135 166 143 166
135 167 143 167
135 168 143 168
135 170 143 170
135 171 143 171
135 172 143 172
135 173 143 173
135 174 143 174
135 175 143 175
135 176 143 176
135 177 143 177
135 178 143 178
135 179 143 179
135 180 143 180
135 182 143 182
135 183 143 183
135 184 143 184
135 185 143 185
135 186 143 186
135 188 143 188
135 189 143 189
135 190 143 190
135 191 143 191
135 192 143 192
135 193 143 193
135 194 143 194
135 195 143 195
135 196 143 196
135 197 143 197
135 198 143 198
135 199 143 199
135 201 143 201
135 202 143 202
135 203 143 203
135 204 143 204
135 205 143 205
135 207 143 207
135 208 143 208
135 209 143 209
135 210 143 210
135 211 143 211
135 212 143 212
135 213 143 213
135 214 143 214
135 215 143 215
135 216 143 216
135 217 143 217
135 219 143 219
135 220 143 220
135 221 143 221
135 222 143 222
135 223 143 223
135 225 143 225
135 226 143 226
135 227 143 227
135 228 143 228
135 229 143 229
135 230 143 230
135 231 143 231
135 232 143 232
135 233 143 233
135 234 143 234
135 235 143 235
135 237 143 237
135 238 143 238
135 239 143 239
136 127 144 127
137 127 145 127
137 132 145 132
137 146 145 146
137 150 145 150
137 164 145 164
137 168 145 168
137 182 145 182
137 186 145 186
137 201 145 201
137 205 145 205
137 219 145 219
137 223 145 223
137 237 145 237
138 127 146 127
138 132 146 132
138 146 146 146
138 150 146 150
138 164 146 164
138 168 146 168
138 182 146 182
138 186 146 186
138 201 146 201
138 205 146 205
138 219 146 219
138 223 146 223
138 237 146 237
139 127 147 127
139 132 147 132
139 146 147 146
139 150 147 150
139 164 147 164
139 168 147 168
139 182 147 182
139 186 147 186
139 201 147 201
139 205 147 205
139 219 147 219
139 223 147 223
139 237 147 237
140 127 148 127
140 132 148 132
140 146 148 146
140 150 148 150
140 164 148 164
140 168 148 168
140 182 148 182
140 186 148 186
140 201 148 201
140 205 148 205
140 219 148 219
140 223 148 223
140 237 148 237
141 127 149 127
141 132 149 132
141 146 149 146
141 150 149 150
141 164 149 164
141 168 149 168
141 182 149 182
141 186 149 186
141 201 149 201
141 205 149 205
141 219 149 219
141 223 149 223
141 237 149 237
142 127 150 127
142 132 150 132
142 146 150 146
142 150 150 150
142 164 150 164
142 168 150 168
142 182 150 182
142 186 150 186
142 201 150 201
142 205 150 205
142 219 150 219
142 223 150 223
142 237 150 237
143 127 151 127
143 132 151 132
143 146 151 146
143 150 151 150
143 164 151 164
143 168 151 168
143 182 151 182
143 186 151 186
143 201 151 201
143 205 151 205
143 219 151 219
143 223 151 223
143 237 151 237
144 127 152 127
144 132 152 132
144 146 152 146
144 150 152 150
144 164 152 164
144 168 152 168
144 182 152 182
144 186 152 186
144 201 152 201
144 205 152 205
144 219 152 219
144 223 152 223
144 237 152 237
145 127 153 127
145 132 153 132
145 146 153 146
145 150 153 150
145 164 153 164
145 168 153 168
145 182 153 182
145 186 153 186
145 201 153 201
145 205 153 205
145 219 153 219
145 223 153 223
145 237 153 237
146 127 154 127
146 132 154 132
146 146 154 146
146 150 154 150
146 164 154 164
146 168 154 168
146 182 154 182
146 186 154 186
146 201 154 201
146 205 154 205
146 219 154 219
146 223 154 223
146 237 154 237
147 127 155 127
147 132 155 132
147 146 155 146
147 150 155 150
147 164 155 164
147 168 155 168
147 182 155 182
147 186 155 186
147 201 155 201
147 205 155 205
147 219 155 219
147 223 155 223
147 237 155 237
148 127 156 127
149 127 157 127
149 128 157 128
149 129 157 129
149 130 157 130
149 131 157 131
149 132 157 132
149 134 157 134
149 135 157 135
149 136 157 136
149 137 157 137
149 138 157 138
149 139 157 139
149 140 157 140
149 141 157 141
149 142 157 142
149 143 157 143
149 144 157 144
149 146 157 146
149 147 157 147
149 148 157 148
149 149 157 149
149 150 157 150
149 152 157 152
149 153 157 153
149 154 157 154
149 155 157 155
149 156 157 156
149 157 157 157
149 158 157 158
149 159 157 159
149 160 157 160
149 161 157 161
149 162 157 162
149 164 157 164
149 165 157 165
149 166 157 166
149 167 157 167
149 168 157 168
149 170 157 170
149 171 157 171
149 172 157 172
149 173 157 173
149 174 157 174
149 175 157 175
149 176 157 176
149 177 157 177
149 178 157 178
149 179 157 179
149 180 157 180
149 182 157 182
149 183 157 183
149 184 157 184
149 185 157 185
149 186 157 186
149 188 157 188
149 189 157 189
149 190 157 190
149 191 157 191
149 192 157 192
149 193 157 193
149 194 157 194
149 195 157 195
149 196 157 196
149 197 157 197
149 198 157 198
149 199 157 199
149 201 157 201
149 202 157 202
149 203 157 203
149 204 157 204
149 205 157 205
149 207 157 207
149 208 157 208
149 209 157 209
149 210 157 210
149 211 157 211
149 212 157 212
149 213 157 213
149 214 157 214
149 215 157 215
149 216 157 216
149 217 157 217
149 219 157 219
149 220 157 220
149 221 157 221
149 222 157 222
149 223 157 223
149 225 157 225
149 226 157 226
149 227 157 227
149 228 157 228
149 229 157 229
149 230 157 230
149 231 157 231
149 232 157 232
149 233 157 233
149 234 157 234
149 235 157 235
149 237 157 237
149 238 157 238
149 239 157 239
150 127 158 127
150 132 158 132
150 146 158 146
150 150 158 150
150 164 158 164
150 168 158 168
150 182 158 182
150 186 158 186
150 201 158 201
150 205 158 205
150 219 158 219
150 223 158 223
150 237 158 237
151 128 159 128
151 132 159 132
151 146 159 146
151 150 159 150
151 164 159 164
151 168 159 168
151 182 159 182
151 186 159 186
151 201 159 201
151 205 159 205
151 219 159 219
151 223 159 223
151 237 159 237
152 128 160 128
152 132 160 132
152 146 160 146
152 150 160 150
152 164 160 164
152 168 160 168
152 182 160 182
152 186 160 186
152 201 160 201
152 205 160 205
152 219 160 219
152 223 160 223
152 237 160 237
153 128 161 128
153 129 161 129
153 130 161 130
153 131 161 131
153 132 161 132
153 134 161 134
153 135 161 135
153 136 161 136
153 137 161 137
153 138 161 138
153 139 161 139
153 140 161 140
153 141 161 141
153 142 161 142
153 143 161 143
153 144 161 144
153 146 161 146
153 147 161 147
153 148 161 148
153 149 161 149
153 150 161 150
153 152 161 152
153 153 161 153
153 154 161 154
153 155 161 155
153 156 161 156
153 157 161 157
153 158 161 158
153 159 161 159
153 160 161 160
153 161 161 161
153 162 161 162
153 164 161 164
153 165 161 165
153 166 161 166
153 167 161 167
153 168 161 168
153 170 161 170
153 171 161 171
153 172 161 172
153 173 161 173
153 174 161 174
153 175 161 175
153 176 161 176
153 177 161 177
153 178 161 178
153 179 161 179
153 180 161 180
153 182 161 182
153 183 161 183
153 184 161 184
153 185 161 185
153 186 161 186
153 188 161 188
153 189 161 189
153 190 161 190
153 191 161 191
153 192 161 192
153 193 161 193
153 194 161 194
153 195 161 195
153 196 161 196
153 197 161 197
153 198 161 198
153 199 161 199
153 201 161 201
153 202 161 202
153 203 161 203
153 204 161 204
153 205 161 205
153 207 161 207
153 208 161 208
153 209 161 209
153 210 161 210
153 211 161 211
153 212 161 212
153 213 161 213
153 214 161 214
153 215 161 215
153 216 161 216
153 217 161 217
153 219 161 219
153 220 161 220
153 221 161 221
153 222 161 222
153 223 161 223
153 225 161 225
153 226 161 226
153 227 161 227
153 228 161 228
153 229 161 229
153 230 161 230
153 231 161 231
153 232 161 232
153 233 161 233
153 234 161 234
153 235 161 235
153 237 161 237
153 238 161 238
153 239 161 239
154 128 162 128
155 128 163 128
155 132 163 132
155 146 163 146
155 150 163 150
155 164 163 164
155 168 163 168
155 182 163 182
155 186 163 186
155 201 163 201
155 205 163 205
155 219 163 219
155 223 163 223
155 237 163 237
156 128 164 128
156 132 164 132
156 146 164 146
156 150 164 150
156 164 164 164
156 168 164 168
156 182 164 182
156 186 164 186
156 201 164 201
156 205 164 205
156 219 164 219
156 223 164 223
156 237 164 237
157 128 165 128
157 132 165 132
157 146 165 146
157 150 165 150
157 164 165 164
157 168 165 168
157 182 165 182
157 186 165 186
157 201 165 201
157 205 165 205
157 219 165 219
157 223 165 223
157 237 165 237
158 128 166 128
158 132 166 132
158 146 166 146
158 150 166 150
158 164 166 164
158 168 166 168
158 182 166 182
158 186 166 186
158 201 166 201
158 205 166 205
158 219 166 219
158 223 166 223
158 237 166 237
159 128 167 128
159 132 167 132
159 146 167 146
159 150 167 150
159 164 167 164
159 168 167 168
159 182 167 182
159 186 167 186
159 201 167 201
159 205 167 205
159 219 167 219
159 223 167 223
159 237 167 237
160 128 168 128
160 132 168 132
160 146 168 146
160 150 168 150
160 164 168 164
160 168 168 168
160 182 168 182
160 186 168 186
160 201 168 201
160 205 168 205
160 219 168 219
160 223 168 223
160 237 168 237
161 128 169 128
161 132 169 132
161 146 169 146
161 150 169 150
161 164 169 164
161 168 169 168
161 182 169 182
161 186 169 186
161 201 169 201
161 205 169 205
161 219 169 219
161 223 169 223
161 237 169 237
162 128 170 128
162 132 170 132
162 146 170 146
162 150 170 150
162 164 170 164
162 168 170 168
162 182 170 182
162 186 170 186
162 201 170 201
162 205 170 205
162 219 170 219
162 223 170 223
162 237 170 237
163 128 171 128
163 132 171 132
163 146 171 146
163 150 171 150
163 164 171 164
163 168 171 168
163 182 171 182
163 186 171 186
163 201 171 201
163 205 171 205
163 219 171 219
163 223 171 223
163 237 171 237
164 128 172 128
164 132 172 132
164 146 172 146
164 150 172 150
164 164 172 164
164 168 172 168
164 182 172 182
164 186 172 186
164 201 172 201
164 205 172 205
164 219 172 219
164 223 172 223
164 237 172 237
165 128 173 128
165 132 173 132
165 146 173 146
165 150 173 150
165 164 173 164
165 168 173 168
165 182 173 182
165 186 173 186
165 201 173 201
165 205 173 205
165 219 173 219
165 223 173 223
165 237 173 237
166 128 174 128
167 128 175 128
167 129 175 129
167 130 175 130
167 131 175 131
167 132 175 132
167 134 175 134
167 135 175 135
167 136 175 136
167 137 175 137
167 138 175 138
167 139 175 139
167 140 175 140
167 141 175 141
167 142 175 142
167 143 175 143
167 144 175 144
167 146 175 146
167 147 175 147
167 148 175 148
167 149 175 149
167 150 175 150
167 152 175 152
167 153 175 153
167 154 175 154
167 155 175 155
167 156 175 156
167 157 175 157
167 158 175 158
167 159 175 159
167 160 175 160
167 161 175 161
167 162 175 162
167 164 175 164
167 165 175 165
167 166 175 166
167 167 175 167
167 168 175 168
167 170 175 170
167 171 175 171
167 172 175 172
167 173 175 173
167 174 175 174
167 175 175 175
167 176 175 176
167 177 175 177
167 178 175 178
167 179 175 179
167 180 175 180
167 182 175 182
167 183 175 183
167 184 175 184
167 185 175 185
167 186 175 186
167 188 175 188
167 189 175 189
167 190 175 190
167 191 175 191
167 192 175 192
167 193 175 193
167 194 175 194
167 195 175 195
167 196 175 196
167 197 175 197
167 198 175 198
167 199 175 199
167 201 175 201
167 202 175 202
167 203 175 203
167 204 175 204
167 205 175 205
167 207 175 207
167 208 175 208
167 209 175 209
167 210 175 210
167 211 175 211
167 212 175 212
167 213 175 213
167 214 175 214
167 215 175 215
167 216 175 216
167 217 175 217
167 219 175 219
167 220 175 220
167 221 175 221
167 222 175 222
167 223 175 223
167 225 175 225
167 226 175 226
167 227 175 227
167 228 175 228
167 229 175 229
167 230 175 230
167 231 175 231
167 232 175 232
167 233 175 233
167 234 175 234
167 235 175 235
167 237 175 237
167 238 175 238
167 239 175 239
168 128 176 128
168 132 176 132
168 146 176 146
168 150 176 150
168 164 176 164
168 168 176 168
168 182 176 182
168 186 176 186
168 201 176 201
168 205 176 205
168 219 176 219
168 223 176 223
168 237 176 237
169 128 177 128
169 132 177 132
169 146 177 146
169 150 177 150
169 164 177 164
169 168 177 168
169 182 177 182
169 186 177 186
169 201 177 201
169 205 177 205
169 219 177 219
169 223 177 223
169 237 177 237
170 128 178 128
170 132 178 132
170 146 178 146
170 150 178 150
170 164 178 164
170 168 178 168
170 182 178 182
170 186 178 186
170 201 178 201
170 205 178 205
170 219 178 219
170 223 178 223
170 237 178 237
171 128 179 128
171 129 179 129
171 130 179 130
171 131 179 131
171 132 179 132
171 134 179 134
171 135 179 135
171 136 179 136
171 137 179 137
171 138 179 138
171 139 179 139
171 140 179 140
171 141 179 141
171 142 179 142
171 143 179 143
171 144 179 144
171 146 179 146
171 147 179 147
171 148 179 148
171 149 179 149
171 150 179 150
171 152 179 152
171 153 179 153
171 154 179 154
171 155 179 155
171 156 179 156
171 157 179 157
171 158 179 158
171 159 179 159
171 160 179 160
171 161 179 161
171 162 179 162
171 164 179 164
171 165 179 165
171 166 179 166
171 167 179 167
171 168 179 168
171 170 179 170
171 171 179 171
171 172 179 172
171 173 179 173
171 174 179 174
171 175 179 175
171 176 179 176
171 177 179 177
171 178 179 178
171 179 179 179
171 180 179 180
171 182 179 182
171 183 179 183
171 184 179 184
171 185 179 185
171 186 179 186
171 188 179 188
171 189 179 189
171 190 179 190
171 191 179 191
171 192 179 192
171 193 179 193
171 194 179 194
171 195 179 195
171 196 179 196
171 197 179 197
171 198 179 198
171 199 179 199
171 201 179 201
171 202 179 202
171 203 179 203
171 204 179 204
171 205 179 205
171 207 179 207
171 208 179 208
171 209 179 209
171 210 179 210
171 211 179 211
171 212 179 212
171 213 179 213
171 214 179 214
171 215 179 215
171 216 179 216
171 217 179 217
171 219 179 219
171 220 179 220
171 221 179 221
171 222 179 222
171 223 179 223
171 225 179 225
171 226 179 226
171 227 179 227
171 228 179 228
171 229 179 229
171 230 179 230
171 231 179 231
171 232 179 232
171 233 179 233
171 234 179 234
171 235 179 235
171 237 179 237
171 238 179 238
171 239 179 239
172 128 180 128
173 128 181 128
173 132 181 132
173 146 181 146
173 150 181 150
173 164 181 164
173 168 181 168
173 182 181 182
173 186 181 186
173 201 181 201
173 205 181 205
173 219 181 219
173 223 181 223
173 237 181 237
174 128 182 128
174 132 182 132
174 146 182 146
174 150 182 150
174 164 182 164
174 168 182 168
174 182 182 182
174 186 182 186
174 201 182 201
174 205 182 205
174 219 182 219
174 223 182 223
174 237 182 237
175 128 183 128
175 132 183 132
175 146 183 146
175 150 183 150
175 164 183 164
175 168 183 168
175 182 183 182
175 186 183 186
175 201 183 201
175 205 183 205
175 219 183 219
175 223 183 223
175 237 183 237
176 128 184 128
176 132 184 132
176 146 184 146
176 150 184 150
176 164 184 164
176 168 184 168
176 182 184 182
176 186 184 186
176 201 184 201
176 205 184 205
176 219 184 219
176 223 184 223
176 237 184 237
177 128 185 128
177 132 185 132
177 146 185 146
177 150 185 150
177 164 185 164
177 168 185 168
177 182 185 182
177 186 185 186
177 201 185 201
177 205 185 205
177 219 185 219
177 223 185 223
177 237 185 237
178 128 186 128
178 132 186 132
178 146 186 146
178 150 186 150
178 164 186 164
178 168 186 168
178 182 186 182
178 186 186 186
178 201 186 201
178 205 186 205
178 219 186 219
178 223 186 223
178 237 186 237
179 128 187 128
179 132 187 132
179 146 187 146
179 150 187 150
179 164 187 164
179 168 187 168
179 182 187 182
179 186 187 186
179 201 187 201
179 205 187 205
179 219 187 219
179 223 187 223
179 237 187 237
180 128 188 128
180 132 188 132
180 146 188 146
180 150 188 150
180 164 188 164
180 168 188 168
180 182 188 182
180 186 188 186
180 201 188 201
180 205 188 205
180 219 188 219
180 223 188 223
180 237 188 237
181 128 189 128
181 132 189 132
181 146 189 146
181 150 189 150
181 164 189 164
181 168 189 168
181 182 189 182
181 186 189 186
181 201 189 201
181 205 189 205
181 219 189 219
181 223 189 223
181 237 189 237
182 128 190 128
182 132 190 132
182 146 190 146
182 150 190 150
182 164 190 164
182 168 190 168
182 182 190 182
182 186 190 186
182 201 190 201
182 205 190 205
182 219 190 219
182 223 190 223
182 237 190 237
183 128 191 128
183 132 191 132
183 146 191 146
183 150 191 150
183 164 191 164
183 168 191 168
183 182 191 182
183 186 191 186
183 201 191 201
183 205 191 205
183 219 191 219
183 223 191 223
183 237 191 237
184 128 192 128
185 128 193 128
185 129 193 129
185 130 193 130
185 131 193 131
185 132 193 132
185 134 193 134
185 135 193 135
185 136 193 136
185 137 193 137
185 138 193 138
185 139 193 139
185 140 193 140
185 141 193 141
185 142 193 142
185 143 193 143
185 144 193 144
185 146 193 146
185 147 193 147
185 148 193 148
185 149 193 149
185 150 193 150
185 152 193 152
185 153 193 153
185 154 193 154
185 155 193 155
185 156 193 156
185 157 193 157
185 158 193 158
185 159 193 159
185 160 193 160
185 161 193 161
185 162 193 162
185 164 193 164
185 165 193 165
185 166 193 166
185 167 193 167
185 168 193 168
185 170 193 170
185 171 193 171
185 172 193 172
185 173 193 173
185 174 193 174
185 175 193 175
185 176 193 176
185 177 193 177
185 178 193 178
185 179 193 179
185 180 193 180
185 182 193 182
185 183 193 183
185 184 193 184
185 185 193 185
185 186 193 186
185 188 193 188
185 189 193 189
185 190 193 190
185 191 193 191
185 192 193 192
185 193 193 193
185 194 193 194
185 195 193 195
185 196 193 196
185 197 193 197
185 198 193 198
185 199 193 199
185 201 193 201
185 202 193 202
185 203 193 203
185 204 193 204
185 205 193 205
185 207 193 207
185 208 193 208
185 209 193 209
185 210 193 210
185 211 193 211
185 212 193 212
185 213 193 213
185 214 193 214
185 215 193 215
185 216 193 216
185 217 193 217
185 219 193 219
185 220 193 220
185 221 193 221
185 222 193 222
185 223 193 223
185 225 193 225
185 226 193 226
185 227 193 227
185 228 193 228
185 229 193 229
185 230 193 230
185 231 193 231
185 232 193 232
185 233 193 233
185 234 193 234
185 235 193 235
185 237 193 237
185 238 193 238
185 239 193 239
186 128 194 128
186 132 194 132
186 146 194 146
186 150 194 150
186 164 194 164
186 168 194 168
186 182 194 182
186 186 194 186
186 201 194 201
186 205 194 205
186 219 194 219
186 223 194 223
186 237 194 237
187 128 195 128
187 132 195 132
187 146 195 146
187 150 195 150
187 164 195 164
187 168 195 168
187 182 195 182
187 186 195 186
187 201 195 201
187 205 195 205
187 219 195 219
187 223 195 223
187 237 195 237
188 128 196 128
188 132 196 132
188 146 196 146
188 150 196 150
188 164 196 164
188 168 196 168
188 182 196 182
188 186 196 186
188 201 196 201
188 205 196 205
188 219 196 219
188 223 196 223
188 237 196 237
189 128 197 128
189 129 197 129
189 130 197 130
189 131 197 131
189 132 197 132
189 134 197 134
189 135 197 135
189 136 197 136
189 137 197 137
189 138 197 138
189 139 197 139
189 140 197 140
189 141 197 141
189 142 197 142
189 143 197 143
189 144 197 144
189 146 197 146
189 147 197 147
189 148 197 148
189 149 197 149
189 150 197 150
189 152 197 152
189 153 197 153
189 154 197 154
189 155 197 155
189 156 197 156
189 157 197 157
189 158 197 158
189 159 197 159
189 160 197 160
189 161 197 161
189 162 197 162
189 164 197 164
189 165 197 165
189 166 197 166
189 167 197 167
189 168 197 168
189 170 197 170
189 171 197 171
189 172 197 172
189 173 197 173
189 174 197 174
189 175 197 175
189 176 197 176
189 177 197 177
189 178 197 178
189 179 197 179
189 180 197 180
189 182 197 182
189 183 197 183
189 184 197 184
189 185 197 185
189 186 197 186
189 188 197 188
189 189 197 189
189 190 197 190
189 191 197 191
189 192 197 192
189 193 197 193
189 194 197 194
189 195 197 195
189 196 197 196
189 197 197 197
189 198 197 198
189 199 197 199
189 201 197 201
189 202 197 202
189 203 197 203
189 204 197 204
189 205 197 205
189 207 197 207
189 208 197 208
189 209 197 209
189 210 197 210
189 211 197 211
189 212 197 212
189 213 197 213
189 214 197 214
189 215 197 215
189 216 197 216
189 217 197 217
189 219 197 219
189 220 197 220
189 221 197 221
189 222 197 222
189 223 197 223
189 225 197 225
189 226 197 226
189 227 197 227
189 228 197 228
189 229 197 229
189 230 197 230
189 231 197 231
189 232 197 232
189 233 197 233
189 234 197 234
189 235 197 235
189 237 197 237
189 238 197 238
189 239 197 239
190 128 198 128
191 128 199 128
191 132 199 132
191 146 199 146
191 150 199 150
191 164 199 164
191 168 199 168
191 182 199 182
191 186 199 186
191 201 199 201
191 205 199 205
191 219 199 219
191 223 199 223
191 237 199 237
192 128 200 128
192 132 200 132
192 146 200 146
192 150 200 150
192 164 200 164
192 168 200 168
192 182 200 182
192 186 200 186
192 201 200 201
192 205 200 205
192 219 200 219
192 223 200 223
192 237 200 237
193 128 201 128
193 132 201 132
193 146 201 146
193 150 201 150
193 164 201 164
193 168 201 168
193 182 201 182
193 186 201 186
193 201 201 201
193 205 201 205
193 219 201 219
193 223 201 223
193 237 201 237
194 128 202 128
194 132 202 132
194 146 202 146
194 150 202 150
194 164 202 164
194 168 202 168
194 182 202 182
194 186 202 186
194 201 202 201
194 205 202 205
194 219 202 219
194 223 202 223
194 237 202 237
195 128 203 128
195 132 203 132
195 146 203 146
195 150 203 150
195 164 203 164
195 168 203 168
195 182 203 182
195 186 203 186
195 201 203 201
195 205 203 205
195 219 203 219
195 223 203 223
195 237 203 237
196 128 204 128
196 132 204 132
196 146 204 146
196 150 204 150
196 164 204 164
196 168 204 168
196 182 204 182
196 186 204 186
196 201 204 201
196 205 204 205
196 219 204 219
196 223 204 223
196 237 204 237
197 128 205 128
197 132 205 132
197 146 205 146
197 150 205 150
197 164 205 164
197 168 205 168
197 182 205 182
197 186 205 186
197 201 205 201
197 205 205 205
197 219 205 219
197 223 205 223
197 237 205 237
198 128 206 128
198 132 206 132
198 146 206 146
198 150 206 150
198 164 206 164
198 168 206 168
198 182 206 182
198 186 206 186
198 201 206 201
198 205 206 205
198 219 206 219
198 223 206 223
198 237 206 237
199 128 207 128
199 132 207 132
199 146 207 146
199 150 207 150
199 164 207 164
199 168 207 168
199 182 207 182
199 186 207 186
199 201 207 201
199 205 207 205
199 219 207 219
199 223 207 223
199 237 207 237
200 128 208 128
200 132 208 132
200 146 208 146
200 150 208 150
200 164 208 164
200 168 208 168
200 182 208 182
200 186 208 186
200 201 208 201
200 205 208 205
200 219 208 219
200 223 208 223
200 237 208 237
201 128 209 128
201 132 209 132
201 146 209 146
201 150 209 150
201 164 209 164
201 168 209 168
201 182 209 182
201 183 209 183
201 186 209 186
201 201 209 201
201 205 209 205
201 219 209 219
201 223 209 223
201 237 209 237
202 128 210 128
202 132 210 132
202 146 210 146
202 150 210 150
202 164 210 164
202 168 210 168
202 183 210 183
202 186 210 186
202 201 210 201
202 205 210 205
202 219 210 219
202 223 210 223
202 237 210 237
203 110 211 110
203 111 211 111
203 112 211 112
203 113 211 113
203 114 211 114
203 115 211 115
203 116 211 116
203 117 211 117
203 118 211 118
203 119 211 119
203 120 211 120
203 121 211 121
203 122 211 122
204 122 212 122
204 123 212 123
204 124 212 124
204 125 212 125
204 126 212 126
204 128 212 128
204 129 212 129
204 130 212 130
204 131 212 131
204 132 212 132
204 134 212 134
204 135 212 135
204 136 212 136
204 137 212 137
204 138 212 138
204 139 212 139
204 140 212 140
204 141 212 141
204 142 212 142
204 143 212 143
204 144 212 144
204 146 212 146
204 147 212 147
204 148 212 148
204 149 212 149
204 150 212 150
204 152 212 152
204 153 212 153
204 154 212 154
204 155 212 155
204 156 212 156
204 157 212 157
204 158 212 158
204 159 212 159
204 160 212 160
204 161 212 161
204 162 212 162
204 164 212 164
204 165 212 165
204 166 212 166
204 167 212 167
204 168 212 168
204 170 212 170
204 171 212 171
204 172 212 172
204 173 212 173
204 174 212 174
204 175 212 175
204 176 212 176
204 177 212 177
204 178 212 178
204 179 212 179
204 180 212 180
204 181 212 181
204 183 212 183
204 184 212 184
204 185 212 185
204 186 212 186
204 188 212 188
204 189 212 189
204 190 212 190
204 191 212 191
204 192 212 192
204 193 212 193
204 194 212 194
204 195 212 195
204 196 212 196
204 197 212 197
204 198 212 198
204 199 212 199
204 201 212 201
204 202 212 202
204 203 212 203
204 204 212 204
204 205 212 205
204 207 212 207
204 208 212 208
204 209 212 209
204 210 212 210
204 211 212 211
204 212 212 212
204 213 212 213
204 214 212 214
204 215 212 215
204 216 212 216
204 217 212 217
204 219 212 219
204 220 212 220
204 221 212 221
204 222 212 222
204 223 212 223
204 225 212 225
204 226 212 226
204 227 212 227
204 228 212 228
204 229 212 229
204 230 212 230
204 231 212 231
204 232 212 232
204 233 212 233
204 234 212 234
204 235 212 235
204 237 212 237
204 238 212 238
204 239 212 239
205 128 213 128
205 132 213 132
205 146 213 146
205 150 213 150
205 164 213 164
205 168 213 168
205 183 213 183
205 186 213 186
205 201 213 201
205 205 213 205
205 219 213 219
205 223 213 223
205 237 213 237
206 128 214 128
206 132 214 132
206 146 214 146
206 150 214 150
206 164 214 164
206 168 214 168
206 183 214 183
206 186 214 186
206 201 214 201
206 205 214 205
206 219 214 219
206 223 214 223
206 237 214 237
207 128 215 128
207 132 215 132
207 146 215 146
207 150 215 150
207 164 215 164
207 168 215 168
207 183 215 183
207 186 215 186
207 201 215 201
207 205 215 205
207 219 215 219
207 223 215 223
207 237 215 237
208 110 216 110
208 111 216 111
208 112 216 112
208 113 216 113
208 114 216 114
208 115 216 115
208 116 216 116
208 117 216 117
208 118 216 118
208 119 216 119
208 120 216 120
208 121 216 121
208 122 216 122
208 123 216 123
208 124 216 124
208 125 216 125
208 126 216 126
208 128 216 128
208 129 216 129
208 130 216 130
208 131 216 131
208 132 216 132
208 134 216 134
208 135 216 135
208 136 216 136
208 137 216 137
208 138 216 138
208 139 216 139
208 140 216 140
208 141 216 141
208 142 216 142
208 143 216 143
208 144 216 144
208 146 216 146
208 147 216 147
208 148 216 148
208 149 216 149
208 150 216 150
208 152 216 152
208 153 216 153
208 154 216 154
208 155 216 155
208 156 216 156
208 157 216 157
208 158 216 158
208 159 216 159
208 160 216 160
208 161 216 161
208 162 216 162
208 164 216 164
208 165 216 165
208 166 216 166
208 167 216 167
208 168 216 168
208 170 216 170
208 171 216 171
208 172 216 172
208 173 216 173
208 174 216 174
208 175 216 175
208 176 216 176
208 177 216 177
208 178 216 178
208 179 216 179
208 180 216 180
208 181 216 181
208 183 216 183
208 184 216 184
208 185 216 185
208 186 216 186
208 188 216 188
208 189 216 189
208 190 216 190
208 191 216 191
208 192 216 192
208 193 216 193
208 194 216 194
208 195 216 195
208 196 216 196
208 197 216 197
208 198 216 198
208 199 216 199
208 201 216 201
208 202 216 202
208 203 216 203
208 204 216 204
208 205 216 205
208 207 216 207
208 208 216 208
208 209 216 209
208 210 216 210
208 211 216 211
208 212 216 212
208 213 216 213
208 214 216 214
208 215 216 215
208 216 216 216
208 217 216 217
208 219 216 219
208 220 216 220
208 221 216 221
208 222 216 222
208 223 216 223
208 225 216 225
208 226 216 226
208 227 216 227
208 228 216 228
208 229 216 229
208 230 216 230
208 231 216 231
208 232 216 232
208 233 216 233
208 234 216 234
208 235 216 235
208 237 216 237
208 238 216 238
208 239 216 239
210 128 218 128
210 132 218 132
210 146 218 146
210 150 218 150
210 164 218 164
210 168 218 168
210 183 218 183
210 186 218 186
210 201 218 201
210 205 218 205
210 219 218 219
210 223 218 223
210 237 218 237
211 128 219 128
211 132 219 132
211 146 219 146
211 150 219 150
211 164 219 164
211 168 219 168
211 183 219 183
211 186 219 186
211 187 219 187
211 201 219 201
211 205 219 205
211 219 219 219
211 223 219 223
211 237 219 237
212 128 220 128
212 132 220 132
212 146 220 146
212 150 220 150
212 164 220 164
212 168 220 168
212 183 220 183
212 187 220 187
212 201 220 201
212 205 220 205
212 219 220 219
212 223 220 223
212 237 220 237
213 128 221 128
213 132 221 132
213 146 221 146
213 150 221 150
213 164 221 164
213 168 221 168
213 183 221 183
213 187 221 187
213 201 221 201
213 205 221 205
213 219 221 219
213 223 221 223
213 237 221 237
214 128 222 128
214 132 222 132
214 146 222 146
214 150 222 150
214 164 222 164
214 168 222 168
214 183 222 183
214 187 222 187
214 201 222 201
214 205 222 205
214 219 222 219
214 223 222 223
214 237 222 237
215 128 223 128
215 132 223 132
215 146 223 146
215 150 223 150
215 164 223 164
215 168 223 168
215 183 223 183
215 187 223 187
215 201 223 201
215 205 223 205
215 219 223 219
215 223 223 223
215 237 223 237
216 128 224 128
216 132 224 132
216 146 224 146
216 150 224 150
216 164 224 164
216 168 224 168
216 183 224 183
216 187 224 187
216 201 224 201
216 205 224 205
216 219 224 219
216 223 224 223
216 237 224 237
217 128 225 128
217 132 225 132
217 146 225 146
217 150 225 150
217 164 225 164
217 168 225 168
217 183 225 183
217 187 225 187
217 201 225 201
217 205 225 205
217 219 225 219
217 223 225 223
217 237 225 237
218 128 226 128
218 132 226 132
218 146 226 146
218 150 226 150
218 164 226 164
218 168 226 168
218 183 226 183
218 187 226 187
218 201 226 201
218 205 226 205
218 219 226 219
218 223 226 223
218 237 226 237
219 128 227 128
219 132 227 132
219 146 227 146
219 150 227 150
219 164 227 164
219 168 227 168
219 183 227 183
219 187 227 187
219 201 227 201
219 205 227 205
219 219 227 219
219 223 227 223
219 237 227 237
220 128 228 128
220 132 228 132
220 146 228 146
220 150 228 150
220 164 228 164
220 168 228 168
220 183 228 183
220 187 228 187
220 201 228 201
220 205 228 205
220 219 228 219
220 223 228 223
220 237 228 237
221 128 229 128
222 128 230 128
222 129 230 129
222 130 230 130
222 131 230 131
222 132 230 132
222 134 230 134
222 135 230 135
222 136 230 136
222 137 230 137
222 138 230 138
222 139 230 139
222 140 230 140
222 141 230 141
222 142 230 142
222 143 230 143
222 144 230 144
222 146 230 146
222 147 230 147
222 148 230 148
222 149 230 149
222 150 230 150
222 152 230 152
222 153 230 153
222 154 230 154
222 155 230 155
222 156 230 156
222 157 230 157
222 158 230 158
222 159 230 159
222 160 230 160
222 161 230 161
222 162 230 162
222 164 230 164
222 165 230 165
222 166 230 166
222 167 230 167
222 168 230 168
222 170 230 170
222 171 230 171
222 172 230 172
222 173 230 173
222 174 230 174
222 175 230 175
222 176 230 176
222 177 230 177
222 178 230 178
222 179 230 179
222 180 230 180
222 181 230 181
222 183 230 183
222 184 230 184
222 185 230 185
222 186 230 186
222 187 230 187
222 189 230 189
222 190 230 190
222 191 230 191
222 192 230 192
222 193 230 193
222 194 230 194
222 195 230 195
222 196 230 196
222 197 230 197
222 198 230 198
222 199 230 199
222 201 230 201
222 202 230 202
222 203 230 203
222 204 230 204
222 205 230 205
222 207 230 207
222 208 230 208
222 209 230 209
222 210 230 210
222 211 230 211
222 212 230 212
222 213 230 213
222 214 230 214
222 215 230 215
222 216 230 216
222 217 230 217
222 219 230 219
222 220 230 220
222 221 230 221
222 222 230 222
222 223 230 223
222 225 230 225
222 226 230 226
222 227 230 227
222 228 230 228
222 229 230 229
222 230 230 230
222 231 230 231
222 232 230 232
222 233 230 233
222 234 230 234
222 235 230 235
222 237 230 237
222 238 230 238
222 239 230 239
223 128 231 128
223 132 231 132
223 146 231 146
223 150 231 150
223 164 231 164
223 168 231 168
223 183 231 183
223 187 231 187
223 201 231 201
223 205 231 205
223 219 231 219
223 223 231 223
223 237 231 237
224 128 232 128
224 132 232 132
224 146 232 146
224 150 232 150
224 164 232 164
224 168 232 168
224 183 232 183
224 187 232 187
224 201 232 201
224 205 232 205
224 219 232 219
224 223 232 223
224 237 232 237
225 128 233 128
225 132 233 132
225 146 233 146
225 150 233 150
225 164 233 164
225 168 233 168
225 183 233 183
225 187 233 187
225 201 233 201
225 205 233 205
225 219 233 219
225 223 233 223
225 237 233 237
226 128 234 128
226 129 234 129
226 130 234 130
226 131 234 131
226 132 234 132
226 134 234 134
226 135 234 135
226 136 234 136
226 137 234 137
226 138 234 138
226 139 234 139
226 140 234 140
226 141 234 141
226 142 234 142
226 143 234 143
226 144 234 144
226 146 234 146
226 147 234 147
226 148 234 148
226 149 234 149
226 150 234 150
226 152 234 152
226 153 234 153
226 154 234 154
226 155 234 155
226 156 234 156
226 157 234 157
226 158 234 158
226 159 234 159
226 160 234 160
226 161 234 161
226 162 234 162
226 164 234 164
226 165 234 165
226 166 234 166
226 167 234 167
226 168 234 168
226 170 234 170
226 171 234 171
226 172 234 172
226 173 234 173
226 174 234 174
226 175 234 175
226 176 234 176
226 177 234 177
226 178 234 178
226 179 234 179
226 180 234 180
226 181 234 181
226 183 234 183
226 184 234 184
226 185 234 185
226 186 234 186
226 187 234 187
226 189 234 189
226 190 234 190
226 191 234 191
226 192 234 192
226 193 234 193
226 194 234 194
226 195 234 195
226 196 234 196
226 197 234 197
226 198 234 198
226 199 234 199
226 201 234 201
226 202 234 202
226 203 234 203
226 204 234 204
226 205 234 205
226 207 234 207
226 208 234 208
226 209 234 209
226 210 234 210
226 211 234 211
226 212 234 212
226 213 234 213
226 214 234 214
226 215 234 215
226 216 234 216
226 217 234 217
226 219 234 219
226 220 234 220
226 221 234 221
226 222 234 222
226 223 234 223
226 225 234 225
226 226 234 226
226 227 234 227
226 228 234 228
226 229 234 229
226 230 234 230
226 231 234 231
226 232 234 232
226 233 234 233
226 234 234 234
226 235 234 235
226 237 234 237
226 238 234 238
226 239 234 239
227 128 235 128
228 128 236 128
228 132 236 132
228 146 236 146
228 150 236 150
228 164 236 164
228 168 236 168
228 183 236 183
228 187 236 187
228 201 236 201
228 205 236 205
228 219 236 219
228 223 236 223
228 237 236 237
229 128 237 128
229 132 237 132
229 146 237 146
229 150 237 150
229 164 237 164
229 168 237 168
229 183 237 183
229 187 237 187
229 201 237 201
229 205 237 205
229 219 237 219
229 223 237 223
229 237 237 237
230 128 238 128
230 132 238 132
230 146 238 146
230 150 238 150
230 164 238 164
230 168 238 168
230 183 238 183
230 187 238 187
230 201 238 201
230 205 238 205
230 219 238 219
230 223 238 223
230 237 238 237
231 128 239 128
231 132 239 132
231 146 239 146
231 150 239 150
231 164 239 164
231 168 239 168
231 183 239 183
231 187 239 187
231 201 239 201
231 205 239 205
231 219 239 219
231 223 239 223
231 237 239 237
232 128 240 128
232 132 240 132
232 146 240 146
232 150 240 150
232 164 240 164
232 168 240 168
232 183 240 183
232 187 240 187
232 201 240 201
232 205 240 205
232 219 240 219
232 223 240 223
232 237 240 237
233 128 241 128
233 132 241 132
233 146 241 146
233 150 241 150
233 164 241 164
233 168 241 168
233 183 241 183
233 187 241 187
233 201 241 201
233 205 241 205
233 219 241 219
233 223 241 223
233 237 241 237
234 128 242 128
234 132 242 132
234 146 242 146
234 150 242 150
234 164 242 164
234 168 242 168
234 183 242 183
234 187 242 187
234 201 242 201
234 205 242 205
234 219 242 219
234 223 242 223
234 237 242 237
235 128 243 128
235 132 243 132
235 146 243 146
235 150 243 150
235 164 243 164
235 168 243 168
235 183 243 183
235 187 243 187
235 201 243 201
235 205 243 205
235 219 243 219
235 223 243 223
235 237 243 237
236 128 244 128
236 132 244 132
236 146 244 146
236 150 244 150
236 164 244 164
236 168 244 168
236 183 244 183
236 187 244 187
236 201 244 201
236 205 244 205
236 219 244 219
236 223 244 223
236 237 244 237
237 128 245 128
237 132 245 132
237 146 245 146
237 150 245 150
237 164 245 164
237 168 245 168
237 183 245 183
237 187 245 187
237 201 245 201
237 205 245 205
237 219 245 219
237 223 245 223
237 237 245 237
238 128 246 128
238 132 246 132
238 146 246 146
238 150 246 150
238 164 246 164
238 168 246 168
238 183 246 183
238 187 246 187
238 201 246 201
238 205 246 205
238 219 246 219
238 223 246 223
238 237 246 237
239 128 247 128
240 128 248 128
240 129 248 129
240 130 248 130
240 131 248 131
240 132 248 132
240 134 248 134
240 135 248 135
240 136 248 136
240 137 248 137
240 138 248 138
240 139 248 139
240 140 248 140
240 141 248 141
240 142 248 142
240 143 248 143
240 144 248 144
240 146 248 146
240 147 248 147
240 148 248 148
240 149 248 149
240 150 248 150
240 152 248 152
240 153 248 153
240 154 248 154
240 155 248 155
240 156 248 156
240 157 248 157
240 158 248 158
240 159 248 159
240 160 248 160
240 161 248 161
240 162 248 162
240 164 248 164
240 165 248 165
240 166 248 166
240 167 248 167
240 168 248 168
240 170 248 170
240 171 248 171
240 172 248 172
240 173 248 173
240 174 248 174
240 175 248 175
240 176 248 176
240 177 248 177
240 178 248 178
240 179 248 179
240 180 248 180
240 181 248 181
240 183 248 183
240 184 248 184
240 185 248 185
240 186 248 186
240 187 248 187
240 189 248 189
240 190 248 190
240 191 248 191
240 192 248 192
240 193 248 193
240 194 248 194
240 195 248 195
240 196 248 196
240 197 248 197
240 198 248 198
240 199 248 199
240 201 248 201
240 202 248 202
240 203 248 203
240 204 248 204
240 205 248 205
240 207 248 207
240 208 248 208
240 209 248 209
240 210 248 210
240 211 248 211
240 212 248 212
240 213 248 213
240 214 248 214
240 215 248 215
240 216 248 216
240 217 248 217
240 219 248 219
240 220 248 220
240 221 248 221
240 222 248 222
240 223 248 223
240 225 248 225
240 226 248 226
240 227 248 227
240 228 248 228
240 229 248 229
240 230 248 230
240 231 248 231
240 232 248 232
240 233 248 233
240 234 248 234
240 235 248 235
240 237 248 237
240 238 248 238
240 239 248 239
241 128 249 128
241 132 249 132
241 146 249 146
241 150 249 150
241 164 249 164
241 168 249 168
241 183 249 183
241 187 249 187
241 201 249 201
241 205 249 205
241 219 249 219
241 223 249 223
241 237 249 237
242 128 250 128
242 132 250 132
242 146 250 146
242 150 250 150
242 164 250 164
242 168 250 168
242 183 250 183
242 187 250 187
242 201 250 201
242 205 250 205
242 219 250 219
242 223 250 223
242 237 250 237
243 128 251 128
243 132 251 132
243 146 251 146
243 150 251 150
243 164 251 164
243 168 251 168
243 183 251 183
243 187 251 187
243 201 251 201
243 205 251 205
243 219 251 219
243 223 251 223
243 237 251 237
244 128 252 128
244 129 252 129
244 130 252 130
244 131 252 131
244 132 252 132
244 134 252 134
244 135 252 135
244 136 252 136
244 137 252 137
244 138 252 138
244 139 252 139
244 140 252 140
244 141 252 141
244 142 252 142
244 143 252 143
244 144 252 144
244 146 252 146
244 147 252 147
244 148 252 148
244 149 252 149
244 150 252 150
244 152 252 152
244 153 252 153
244 154 252 154
244 155 252 155
244 156 252 156
244 157 252 157
244 158 252 158
244 159 252 159
244 160 252 160
244 161 252 161
244 162 252 162
244 164 252 164
244 165 252 165
244 166 252 166
244 167 252 167
244 168 252 168
244 170 252 170
244 171 252 171
244 172 252 172
244 173 252 173
244 174 252 174
244 175 252 175
244 176 252 176
244 177 252 177
244 178 252 178
244 179 252 179
244 180 252 180
244 181 252 181
244 183 252 183
244 184 252 184
244 185 252 185
244 186 252 186
244 187 252 187
244 189 252 189
244 190 252 190
244 191 252 191
244 192 252 192
244 193 252 193
244 194 252 194
244 195 252 195
244 196 252 196
244 197 252 197
244 198 252 198
244 199 252 199
244 201 252 201
244 202 252 202
244 203 252 203
244 204 252 204
244 205 252 205
244 207 252 207
244 208 252 208
244 209 252 209
244 210 252 210
244 211 252 211
244 212 252 212
244 213 252 213
244 214 252 214
244 215 252 215
244 216 252 216
244 217 252 217
244 219 252 219
244 220 252 220
244 221 252 221
244 222 252 222
244 223 252 223
244 225 252 225
244 226 252 226
244 227 252 227
244 228 252 228
244 229 252 229
244 230 252 230
244 231 252 231
244 232 252 232
244 233 252 233
244 234 252 234
244 235 252 235
244 237 252 237
244 238 252 238
244 239 252 239
245 128 253 128
246 128 254 128
246 132 254 132
246 146 254 146
246 150 254 150
246 164 254 164
246 168 254 168
246 183 254 183
246 187 254 187
246 201 254 201
246 205 254 205
246 219 254 219
246 223 254 223
246 237 254 237
247 128 255 128
247 132 255 132
247 146 255 146
247 150 255 150
247 164 255 164
247 168 255 168
247 183 255 183
247 187 255 187
247 201 255 201
247 205 255 205
247 219 255 219
247 223 255 223
247 237 255 237
248 128 256 128
248 132 256 132
248 146 256 146
248 150 256 150
248 164 256 164
248 168 256 168
248 183 256 183
248 187 256 187
248 201 256 201
248 205 256 205
248 219 256 219
248 223 256 223
248 237 256 237
249 128 257 128
249 132 257 132
249 146 257 146
249 150 257 150
249 164 257 164
249 168 257 168
249 183 257 183
249 187 257 187
249 201 257 201
249 205 257 205
249 219 257 219
249 223 257 223
249 237 257 237
250 128 258 128
250 132 258 132
250 146 258 146
250 150 258 150
250 164 258 164
250 168 258 168
250 183 258 183
250 187 258 187
250 201 258 201
250 205 258 205
250 219 258 219
250 223 258 223
250 237 258 237
251 128 259 128
251 132 259 132
251 146 259 146
251 150 259 150
251 164 259 164
251 168 259 168
251 183 259 183
251 187 259 187
251 201 259 201
251 205 259 205
251 219 259 219
251 223 259 223
251 237 259 237
252 128 260 128
252 132 260 132
252 146 260 146
252 150 260 150
252 164 260 164
252 168 260 168
252 183 260 183
252 187 260 187
252 201 260 201
252 205 260 205
252 219 260 219
252 223 260 223
252 237 260 237
253 128 261 128
253 132 261 132
253 146 261 146
253 150 261 150
253 164 261 164
253 168 261 168
253 183 261 183
253 186 261 186
253 187 261 187
253 201 261 201
253 205 261 205
253 219 261 219
253 223 261 223
253 237 261 237
254 128 262 128
254 132 262 132
254 146 262 146
254 150 262 150
254 164 262 164
254 168 262 168
254 183 262 183
254 186 262 186
254 201 262 201
254 205 262 205
254 219 262 219
254 223 262 223
254 237 262 237
255 128 263 128
255 132 263 132
255 146 263 146
255 150 263 150
255 164 263 164
255 168 263 168
255 183 263 183
255 186 263 186
255 201 263 201
255 205 263 205
255 219 263 219
255 223 263 223
255 237 263 237
256 128 264 128
256 186 264 186
256 187 264 187
257 128 265 128
257 129 265 129
257 130 265 130
257 131 265 131
257 132 265 132
257 134 265 134
257 135 265 135
257 136 265 136
257 137 265 137
257 138 265 138
257 139 265 139
257 140 265 140
257 141 265 141
257 142 265 142
257 143 265 143
257 144 265 144
257 146 265 146
257 147 265 147
257 148 265 148
257 149 265 149
257 150 265 150
257 152 265 152
257 153 265 153
257 154 265 154
257 155 265 155
257 156 265 156
257 157 265 157
257 158 265 158
257 159 265 159
257 160 265 160
257 161 265 161
257 162 265 162
257 164 265 164
257 165 265 165
257 166 265 166
257 167 265 167
257 168 265 168
257 170 265 170
257 171 265 171
257 172 265 172
257 173 265 173
257 174 265 174
257 175 265 175
257 176 265 176
257 177 265 177
257 178 265 178
257 179 265 179
257 180 265 180
257 181 265 181
257 183 265 183
257 184 265 184
257 185 265 185
257 187 265 187
257 189 265 189
257 190 265 190
257 191 265 191
257 192 265 192
257 193 265 193
257 194 265 194
257 195 265 195
257 196 265 196
257 197 265 197
257 198 265 198
257 199 265 199
257 201 265 201
257 202 265 202
257 203 265 203
257 204 265 204
257 205 265 205
257 207 265 207
257 208 265 208
257 209 265 209
257 210 265 210
257 211 265 211
257 212 265 212
257 213 265 213
257 214 265 214
257 215 265 215
257 216 265 216
257 217 265 217
257 219 265 219
257 220 265 220
257 221 265 221
257 222 265 222
257 223 265 223
257 225 265 225
257 226 265 226
257 227 265 227
257 228 265 228
257 229 265 229
257 230 265 230
257 231 265 231
257 232 265 232
257 233 265 233
257 234 265 234
257 235 265 235
257 237 265 237
257 238 265 238
257 239 265 239
258 128 266 128
258 132 266 132
258 146 266 146
258 150 266 150
258 164 266 164
258 168 266 168
258 183 266 183
258 187 266 187
258 201 266 201
258 205 266 205
258 219 266 219
258 223 266 223
258 237 266 237
259 128 267 128
259 132 267 132
259 146 267 146
259 150 267 150
259 164 267 164
259 168 267 168
259 183 267 183
259 187 267 187
259 201 267 201
259 205 267 205
259 219 267 219
259 223 267 223
259 237 267 237
260 128 268 128
260 132 268 132
260 146 268 146
260 150 268 150
260 164 268 164
260 168 268 168
260 183 268 183
260 187 268 187
260 201 268 201
260 205 268 205
260 219 268 219
260 223 268 223
260 237 268 237
261 128 269 128
261 129 269 129
261 130 269 130
261 131 269 131
261 132 269 132
261 134 269 134
261 135 269 135
261 136 269 136
261 137 269 137
261 138 269 138
261 139 269 139
261 140 269 140
261 141 269 141
261 142 269 142
261 143 269 143
261 144 269 144
261 146 269 146
261 147 269 147
261 148 269 148
261 149 269 149
261 150 269 150
261 152 269 152
261 153 269 153
261 154 269 154
261 155 269 155
261 156 269 156
261 157 269 157
261 158 269 158
261 159 269 159
261 160 269 160
261 161 269 161
261 162 269 162
261 164 269 164
261 165 269 165
261 166 269 166
261 167 269 167
261 168 269 168
261 170 269 170
261 171 269 171
261 172 269 172
261 173 269 173
261 174 269 174
261 175 269 175
261 176 269 176
261 177 269 177
261 178 269 178
261 179 269 179
261 180 269 180
261 181 269 181
261 183 269 183
261 184 269 184
261 185 269 185
261 186 269 186
261 187 269 187
261 189 269 189
261 190 269 190
261 191 269 191
261 192 269 192
261 193 269 193
261 194 269 194
261 195 269 195
261 196 269 196
261 197 269 197
261 198 269 198
261 199 269 199
261 201 269 201
261 202 269 202
261 203 269 203
261 204 269 204
261 205 269 205
261 207 269 207
261 208 269 208
261 209 269 209
261 210 269 210
261 211 269 211
261 212 269 212
261 213 269 213
261 214 269 214
261 215 269 215
261 216 269 216
261 217 269 217
261 219 269 219
261 220 269 220
261 221 269 221
261 222 269 222
261 223 269 223
261 225 269 225
261 226 269 226
261 227 269 227
261 228 269 228
261 229 269 229
261 230 269 230
261 231 269 231
261 232 269 232
261 233 269 233
261 234 269 234
261 235 269 235
261 237 269 237
261 238 269 238
261 239 269 239
262 128 270 128
263 128 271 128
263 132 271 132
263 146 271 146
263 150 271 150
263 164 271 164
263 168 271 168
263 183 271 183
263 187 271 187
263 201 271 201
263 205 271 205
263 219 271 219
263 223 271 223
263 237 271 237
264 128 272 128
264 132 272 132
264 146 272 146
264 150 272 150
264 164 272 164
264 168 272 168
264 183 272 183
264 187 272 187
264 201 272 201
264 205 272 205
264 219 272 219
264 223 272 223
264 237 272 237
265 128 273 128
265 132 273 132
265 146 273 146
265 150 273 150
265 164 273 164
265 168 273 168
265 183 273 183
265 187 273 187
265 201 273 201
265 205 273 205
265 219 273 219
265 223 273 223
265 237 273 237
266 128 274 128
266 132 274 132
266 146 274 146
266 150 274 150
266 164 274 164
266 168 274 168
266 183 274 183
266 187 274 187
266 201 274 201
266 205 274 205
266 219 274 219
266 223 274 223
266 237 274 237
267 128 275 128
267 132 275 132
267 146 275 146
267 150 275 150
267 164 275 164
267 168 275 168
267 183 275 183
267 187 275 187
267 201 275 201
267 205 275 205
267 219 275 219
267 223 275 223
267 237 275 237
268 128 276 128
268 132 276 132
268 146 276 146
268 150 276 150
268 164 276 164
268 168 276 168
268 183 276 183
268 187 276 187
268 201 276 201
268 205 276 205
268 219 276 219
268 223 276 223
268 237 276 237
269 128 277 128
269 132 277 132
269 146 277 146
269 150 277 150
269 164 277 164
269 168 277 168
269 183 277 183
269 187 277 187
269 201 277 201
269 205 277 205
269 219 277 219
269 223 277 223
269 237 277 237
270 128 278 128
270 132 278 132
270 146 278 146
270 150 278 150
270 164 278 164
270 168 278 168
270 183 278 183
270 187 278 187
270 201 278 201
270 205 278 205
270 219 278 219
270 223 278 223
270 237 278 237
271 128 279 128
271 132 279 132
271 146 279 146
271 150 279 150
271 164 279 164
271 168 279 168
271 183 279 183
271 187 279 187
271 201 279 201
271 205 279 205
271 219 279 219
271 223 279 223
271 237 279 237
272 128 280 128
272 132 280 132
272 146 280 146
272 150 280 150
272 164 280 164
272 168 280 168
272 183 280 183
272 187 280 187
272 201 280 201
272 205 280 205
272 219 280 219
272 223 280 223
272 237 280 237
273 128 281 128
273 132 281 132
273 146 281 146
273 150 281 150
273 164 281 164
273 168 281 168
273 183 281 183
273 187 281 187
273 201 281 201
273 205 281 205
273 219 281 219
273 223 281 223
273 237 281 237
274 128 282 128
275 128 283 128
275 129 283 129
275 130 283 130
275 131 283 131
275 132 283 132
275 134 283 134
275 135 283 135
275 136 283 136
275 137 283 137
275 138 283 138
275 139 283 139
275 140 283 140
275 141 283 141
275 142 283 142
275 143 283 143
275 144 283 144
275 146 283 146
275 147 283 147
275 148 283 148
275 149 283 149
275 150 283 150
275 152 283 152
275 153 283 153
275 154 283 154
275 155 283 155
275 156 283 156
275 157 283 157
275 158 283 158
275 159 283 159
275 160 283 160
275 161 283 161
275 162 283 162
275 164 283 164
275 165 283 165
275 166 283 166
275 167 283 167
275 168 283 168
275 170 283 170
275 171 283 171
275 172 283 172
275 173 283 173
275 174 283 174
275 175 283 175
275 176 283 176
275 177 283 177
275 178 283 178
275 179 283 179
275 180 283 180
275 181 283 181
275 183 283 183
275 184 283 184
275 185 283 185
275 186 283 186
275 187 283 187
275 189 283 189
275 190 283 190
275 191 283 191
275 192 283 192
275 193 283 193
275 194 283 194
275 195 283 195
275 196 283 196
275 197 283 197
275 198 283 198
275 199 283 199
275 201 283 201
275 202 283 202
275 203 283 203
275 204 283 204
275 205 283 205
275 207 283 207
275 208 283 208
275 209 283 209
275 210 283 210
275 211 283 211
275 212 283 212
275 213 283 213
275 214 283 214
275 215 283 215
275 216 283 216
275 217 283 217
275 219 283 219
275 220 283 220
275 221 283 221
275 222 283 222
275 223 283 223
275 225 283 225
275 226 283 226
275 227 283 227
275 228 283 228
275 229 283 229
275 230 283 230
275 231 283 231
275 232 283 232
275 233 283 233
275 234 283 234
275 235 283 235
275 237 283 237
275 238 283 238
275 239 283 239
276 128 284 128
276 132 284 132
276 146 284 146
276 150 284 150
276 164 284 164
276 168 284 168
276 183 284 183
276 187 284 187
276 201 284 201
276 205 284 205
276 219 284 219
276 223 284 223
276 237 284 237
277 128 285 128
277 132 285 132
277 146 285 146
277 150 285 150
277 164 285 164
277 168 285 168
277 183 285 183
277 187 285 187
277 201 285 201
277 205 285 205
277 219 285 219
277 223 285 223
277 237 285 237
278 128 286 128
278 132 286 132
278 146 286 146
278 150 286 150
278 164 286 164
278 168 286 168
278 183 286 183
278 187 286 187
278 201 286 201
278 205 286 205
278 219 286 219
278 223 286 223
278 237 286 237
279 128 287 128
279 129 287 129
279 130 287 130
279 131 287 131
279 132 287 132
279 134 287 134
279 135 287 135
279 136 287 136
279 137 287 137
279 138 287 138
279 139 287 139
279 140 287 140
279 141 287 141
279 142 287 142
279 143 287 143
279 144 287 144
279 146 287 146
279 147 287 147
279 148 287 148
279 149 287 149
279 150 287 150
279 152 287 152
279 153 287 153
279 154 287 154
279 155 287 155
279 156 287 156
279 157 287 157
279 158 287 158
279 159 287 159
279 160 287 160
279 161 287 161
279 162 287 162
279 164 287 164
279 165 287 165
279 166 287 166
279 167 287 167
279 168 287 168
279 170 287 170
279 171 287 171
279 172 287 172
279 173 287 173
279 174 287 174
279 175 287 175
279 176 287 176
279 177 287 177
279 178 287 178
279 179 287 179
279 180 287 180
279 181 287 181
279 183 287 183
279 184 287 184
279 185 287 185
279 186 287 186
279 187 287 187
279 189 287 189
279 190 287 190
279 191 287 191
279 192 287 192
279 193 287 193
279 194 287 194
279 195 287 195
279 196 287 196
279 197 287 197
279 198 287 198
279 199 287 199
279 201 287 201
279 202 287 202
279 203 287 203
279 204 287 204
279 205 287 205
279 207 287 207
279 208 287 208
279 209 287 209
279 210 287 210
279 211 287 211
279 212 287 212
279 213 287 213
279 214 287 214
279 215 287 215
279 216 287 216
279 217 287 217
279 219 287 219
279 220 287 220
279 221 287 221
279 222 287 222
279 223 287 223
279 225 287 225
279 226 287 226
279 227 287 227
279 228 287 228
279 229 287 229
279 230 287 230
279 231 287 231
279 232 287 232
279 233 287 233
279 234 287 234
279 235 287 235
279 237 287 237
279 238 287 238
279 239 287 239
280 128 288 128
281 128 289 128
281 132 289 132
281 146 289 146
281 150 289 150
281 164 289 164
281 168 289 168
281 183 289 183
281 187 289 187
281 201 289 201
281 205 289 205
281 219 289 219
281 223 289 223
281 237 289 237
282 128 290 128
282 132 290 132
282 146 290 146
282 150 290 150
282 164 290 164
282 168 290 168
282 183 290 183
282 187 290 187
282 201 290 201
282 205 290 205
282 219 290 219
282 223 290 223
282 237 290 237
283 128 291 128
283 132 291 132
283 146 291 146
283 150 291 150
283 164 291 164
283 168 291 168
283 183 291 183
283 187 291 187
283 201 291 201
283 205 291 205
283 219 291 219
283 223 291 223
283 237 291 237
284 128 292 128
284 132 292 132
284 146 292 146
284 150 292 150
284 164 292 164
284 168 292 168
284 183 292 183
284 187 292 187
284 201 292 201
284 205 292 205
284 219 292 219
284 223 292 223
284 237 292 237
285 128 293 128
285 132 293 132
285 146 293 146
285 150 293 150
285 164 293 164
285 168 293 168
285 183 293 183
285 187 293 187
285 201 293 201
285 205 293 205
285 219 293 219
285 223 293 223
285 237 293 237
286 128 294 128
286 132 294 132
286 146 294 146
286 150 294 150
286 164 294 164
286 168 294 168
286 183 294 183
286 187 294 187
286 201 294 201
286 205 294 205
286 219 294 219
286 223 294 223
286 237 294 237
287 128 295 128
287 132 295 132
287 146 295 146
287 150 295 150
287 164 295 164
287 168 295 168
287 183 295 183
287 187 295 187
287 201 295 201
287 205 295 205
287 219 295 219
287 223 295 223
287 237 295 237
288 128 296 128
288 132 296 132
288 146 296 146
288 150 296 150
288 164 296 164
288 168 296 168
288 183 296 183
288 187 296 187
288 201 296 201
288 205 296 205
288 219 296 219
288 223 296 223
288 237 296 237
289 128 297 128
289 132 297 132
289 146 297 146
289 150 297 150
289 164 297 164
289 168 297 168
289 183 297 183
289 187 297 187
289 201 297 201
289 205 297 205
289 219 297 219
289 223 297 223
289 237 297 237
290 128 298 128
290 132 298 132
290 146 298 146
290 150 298 150
290 164 298 164
290 168 298 168
290 183 298 183
290 187 298 187
290 201 298 201
290 205 298 205
290 219 298 219
290 223 298 223
290 237 298 237
291 128 299 128
291 132 299 132
291 146 299 146
291 150 299 150
291 164 299 164
291 168 299 168
291 183 299 183
291 187 299 187
291 201 299 201
291 205 299 205
291 219 299 219
291 223 299 223
291 237 299 237
292 128 300 128
293 128 301 128
293 129 301 129
293 130 301 130
293 131 301 131
293 132 301 132
293 134 301 134
293 135 301 135
293 136 301 136
293 137 301 137
293 138 301 138
293 139 301 139
293 140 301 140
293 141 301 141
293 142 301 142
293 143 301 143
293 144 301 144
293 146 301 146
293 147 301 147
293 148 301 148
293 149 301 149
293 150 301 150
293 152 301 152
293 153 301 153
293 154 301 154
293 155 301 155
293 156 301 156
293 157 301 157
293 158 301 158
293 159 301 159
293 160 301 160
293 161 301 161
293 162 301 162
293 164 301 164
293 165 301 165
293 166 301 166
293 167 301 167
293 168 301 168
293 170 301 170
293 171 301 171
293 172 301 172
293 173 301 173
293 174 301 174
293 175 301 175
293 176 301 176
293 177 301 177
293 178 301 178
293 179 301 179
293 180 301 180
293 181 301 181
293 183 301 183
293 184 301 184
293 185 301 185
293 186 301 186
293 187 301 187
293 189 301 189
293 190 301 190
293 191 301 191
293 192 301 192
293 193 301 193
293 194 301 194
293 195 301 195
293 196 301 196
293 197 301 197
293 198 301 198
293 199 301 199
293 201 301 201
293 202 301 202
293 203 301 203
293 204 301 204
293 205 301 205
293 207 301 207
293 208 301 208
293 209 301 209
293 210 301 210
293 211 301 211
293 212 301 212
293 213 301 213
293 214 301 214
293 215 301 215
293 216 301 216
293 217 301 217
293 219 301 219
293 220 301 220
293 221 301 221
293 222 301 222
293 223 301 223
293 225 301 225
293 226 301 226
293 227 301 227
293 228 301 228
293 229 301 229
293 230 301 230
293 231 301 231
293 232 301 232
293 233 301 233
293 234 301 234
293 235 301 235
293 237 301 237
293 238 301 238
293 239 301 239
294 128 302 128
294 132 302 132
294 146 302 146
294 150 302 150
294 164 302 164
294 168 302 168
294 183 302 183
294 187 302 187
294 201 302 201
294 205 302 205
294 219 302 219
294 223 302 223
294 237 302 237
295 128 303 128
295 132 303 132
295 146 303 146
295 150 303 150
295 164 303 164
295 168 303 168
295 183 303 183
295 187 303 187
295 201 303 201
295 205 303 205
295 219 303 219
295 223 303 223
295 237 303 237
296 128 304 128
296 132 304 132
296 146 304 146
296 150 304 150
296 164 304 164
296 168 304 168
296 183 304 183
296 187 304 187
296 201 304 201
296 205 304 205
296 219 304 219
296 223 304 223
296 237 304 237
297 128 305 128
297 129 305 129
297 130 305 130
297 131 305 131
297 132 305 132
297 133 305 133
297 134 305 134
297 135 305 135
297 136 305 136
297 137 305 137
297 138 305 138
297 139 305 139
297 140 305 140
297 141 305 141
297 142 305 142
297 143 305 143
297 144 305 144
297 145 305 145
297 146 305 146
297 147 305 147
297 148 305 148
297 149 305 149
297 150 305 150
297 151 305 151
297 152 305 152
297 153 305 153
297 154 305 154
297 155 305 155
297 156 305 156
297 157 305 157
297 158 305 158
297 159 305 159
297 160 305 160
297 161 305 161
297 162 305 162
297 163 305 163
297 164 305 164
297 165 305 165
297 166 305 166
297 167 305 167
297 168 305 168
297 169 305 169
297 170 305 170
297 171 305 171
297 172 305 172
297 173 305 173
297 174 305 174
297 175 305 175
297 176 305 176
297 177 305 177
297 178 305 178
297 179 305 179
297 180 305 180
297 181 305 181
297 182 305 182
297 183 305 183
297 184 305 184
297 185 305 185
297 186 305 186
297 187 305 187
297 188 305 188
297 189 305 189
297 190 305 190
297 191 305 191
297 192 305 192
297 193 305 193
297 194 305 194
297 195 305 195
297 196 305 196
297 197 305 197
297 198 305 198
297 199 305 199
297 200 305 200
297 201 305 201
297 202 305 202
297 203 305 203
297 204 305 204
297 205 305 205
297 206 305 206
297 207 305 207
297 208 305 208
297 209 305 209
297 210 305 210
297 211 305 211
297 212 305 212
297 213 305 213
297 214 305 214
297 215 305 215
297 216 305 216
297 217 305 217
297 219 305 219
297 220 305 220
297 221 305 221
297 222 305 222
297 223 305 223
297 225 305 225
297 226 305 226
297 227 305 227
297 228 305 228
297 229 305 229
297 230 305 230
297 231 305 231
297 232 305 232
297 233 305 233
297 234 305 234
297 235 305 235
297 236 305 236
297 237 305 237
297 238 305 238
297 239 305 239
299 219 307 219
299 223 307 223
300 219 308 219
300 223 308 223
301 219 309 219
301 223 309 223
302 219 310 219
302 223 310 223
303 219 311 219
303 223 311 223
304 219 312 219
304 223 312 223
305 219 313 219
305 223 313 223
306 219 314 219
306 223 314 223
307 219 315 219
307 223 315 223
308 219 316 219
308 223 316 223
309 219 317 219
309 223 317 223
